0.079590,-1.080566,-0.304443,22.134146,-58.109756,0.182927
0.066162,-1.102539,-0.286133,24.268293,-57.926829,1.219512
0.065674,-1.119629,-0.256104,25.792683,-57.865854,1.585366
0.078125,-1.122803,-0.220947,27.317073,-57.012195,1.219512
0.104004,-1.114258,-0.187500,28.048780,-55.365854,0.243902
0.140625,-1.100342,-0.167725,28.170732,-53.231707,-0.914634
0.180420,-1.072754,-0.175537,28.109756,-50.914634,-2.012195
0.227295,-1.027344,-0.237549,25.914634,-48.292683,-2.621951
0.282227,-0.988770,-0.369141,19.085366,-44.695122,-2.621951
0.332520,-0.987793,-0.538574,7.378049,-39.451220,-1.646341
0.352539,-1.022705,-0.687744,-8.048780,-32.317073,-0.304878
0.349854,-1.075439,-0.796387,-26.585366,-24.878049,-0.609756
0.354492,-1.140137,-0.877197,-44.817073,-18.048780,-3.597561
0.365723,-1.191650,-0.936035,-55.609756,-9.878049,-8.353659
0.348877,-1.193604,-0.973145,-54.146341,1.646341,-13.231707
0.289307,-1.126953,-0.983643,-42.317073,15.914634,-16.158537
0.195068,-1.004639,-0.970947,-27.134146,29.146341,-15.792683
0.082520,-0.872070,-0.939941,-15.243902,38.170732,-11.097561
-0.022705,-0.786621,-0.892334,-10.426829,41.585366,-2.439024
-0.097412,-0.774414,-0.836426,-11.829268,40.182927,8.780488
-0.123779,-0.822998,-0.778076,-14.329268,36.219512,21.463415
-0.114990,-0.894287,-0.722168,-12.865854,33.292683,34.878049
-0.080322,-0.958008,-0.678223,-7.134146,33.658537,48.170732
-0.039307,-0.991211,-0.652344,1.219512,37.682927,59.939024
0.000977,-0.989746,-0.643555,10.426829,43.841463,69.085366
0.032471,-0.964355,-0.638184,19.268293,50.853659,75.670732
0.053467,-0.913818,-0.625732,27.560976,57.804878,80.304878
0.058105,-0.839844,-0.601318,34.939024,64.329268,82.987805
0.044678,-0.765137,-0.567383,39.634146,70.000000,84.085366
0.018555,-0.701660,-0.529053,41.036585,74.634146,84.085366
-0.017334,-0.644531,-0.489014,40.243902,78.841463,83.170732
-0.058105,-0.594238,-0.447021,38.536585,83.048780,81.951220
-0.098145,-0.553467,-0.405029,35.792683,86.707317,80.914634
-0.135498,-0.530029,-0.372314,31.219512,89.878049,80.243902
-0.158691,-0.535400,-0.354492,25.243902,93.414634,79.390244
-0.175781,-0.575928,-0.364990,18.597561,97.987805,77.926829
-0.191650,-0.643799,-0.402100,12.865854,102.926829,75.609756
-0.200928,-0.721436,-0.445068,10.121951,107.378049,72.621951
-0.203125,-0.786621,-0.478271,11.524390,110.914634,69.085366
-0.201172,-0.828125,-0.489746,16.646341,112.987805,65.304878
-0.201904,-0.844238,-0.480713,23.353659,113.536585,61.280488
-0.204102,-0.839111,-0.455322,29.756098,112.621951,57.134146
-0.210449,-0.821045,-0.419922,34.512195,111.036585,52.865854
-0.224121,-0.798584,-0.379395,37.134146,109.451220,48.597561
-0.241943,-0.780762,-0.338623,37.621951,107.987805,44.756098
-0.262695,-0.774170,-0.295898,36.402439,106.646341,41.585366
-0.281738,-0.781006,-0.252441,34.268293,105.121951,38.719512
-0.297363,-0.799072,-0.213135,31.951220,102.987805,35.548780
-0.311768,-0.824951,-0.179688,30.060976,100.243902,31.890244
-0.328613,-0.855469,-0.156982,29.329268,96.646341,27.682927
-0.350342,-0.886719,-0.148193,30.304878,91.890244,22.926829
-0.384521,-0.911621,-0.160400,32.987805,85.792683,17.987805
-0.429688,-0.919189,-0.207275,36.463415,78.658537,13.048780
-0.438965,-0.928467,-0.245117,38.658537,70.914634,9.085366
-0.410400,-0.946289,-0.266113,39.451220,65.914634,7.134146
-0.356445,-0.966553,-0.268799,39.451220,64.817073,7.012195
-0.284668,-0.989990,-0.260254,38.414634,66.463415,7.560976
-0.211914,-1.018799,-0.251709,35.609756,68.719512,7.987805
-0.152100,-1.049316,-0.248291,32.134146,69.817073,8.963415
-0.113770,-1.069336,-0.245605,29.756098,68.902439,10.853659
-0.100830,-1.060547,-0.243652,29.207317,66.646341,13.658537
-0.107422,-1.026123,-0.260742,28.902439,64.207317,17.073171
-0.135498,-0.982666,-0.335938,25.121951,63.414634,21.524390
-0.198975,-0.972412,-0.488037,14.024390,64.329268,28.292683
-0.259766,-1.047852,-0.665527,-4.268293,63.719512,38.658537
-0.321045,-1.169434,-0.851074,-23.231707,59.756098,51.707317
-0.348877,-1.272461,-1.026367,-35.548780,52.560976,64.573171
-0.279053,-1.330566,-1.148926,-38.109756,44.451220,74.390244
-0.145996,-1.326660,-1.208984,-33.353659,39.939024,79.878049
-0.033447,-1.276611,-1.208252,-26.036585,40.426829,80.792683
0.033203,-1.217285,-1.146240,-19.390244,42.865854,77.073171
0.061279,-1.166992,-1.035400,-13.597561,44.939024,69.085366
0.060303,-1.123291,-0.910400,-8.658537,46.585366,58.170732
0.033203,-1.084473,-0.812988,-4.573171,48.414634,45.182927
-0.000977,-1.041992,-0.753662,0.670732,50.853659,30.853659
-0.019043,-0.982422,-0.720947,7.621951,54.390244,16.585366
-0.026367,-0.909912,-0.694580,15.060976,59.451220,3.353659
-0.038818,-0.847412,-0.669434,20.731707,65.609756,-8.170732
-0.064453,-0.802734,-0.631592,23.780488,71.280488,-18.109756
-0.094482,-0.784180,-0.575439,23.475610,74.634146,-26.585366
-0.115723,-0.786133,-0.516602,21.280488,75.426829,-32.926829
-0.137207,-0.781738,-0.456787,20.426829,74.939024,-37.012195
-0.154785,-0.759766,-0.396729,20.182927,72.865854,-39.390244
-0.161133,-0.717529,-0.340576,19.024390,68.170732,-40.365854
-0.144287,-0.664551,-0.291992,15.853659,61.036585,-39.695122
-0.104736,-0.613037,-0.255371,10.975610,52.804878,-37.682927
-0.056152,-0.570068,-0.236328,4.695122,44.573171,-34.329268
-0.006592,-0.545654,-0.237305,-2.560976,37.012195,-29.512195
0.038574,-0.546387,-0.251953,-10.000000,30.243902,-22.987805
0.069824,-0.572754,-0.277832,-16.463415,24.329268,-15.243902
0.089844,-0.616211,-0.308105,-20.914634,19.146341,-7.012195
0.103271,-0.666504,-0.334229,-22.439024,14.878049,0.670732
0.114014,-0.712402,-0.351074,-21.036585,11.890244,7.500000
0.123291,-0.749512,-0.355957,-17.378049,10.487805,13.231707
0.127197,-0.778076,-0.353271,-12.317073,10.792683,18.109756
0.126465,-0.800781,-0.347656,-6.402439,12.621951,21.951220
0.125488,-0.818848,-0.344482,-0.182927,15.365854,24.817073
0.129639,-0.832764,-0.345215,5.853659,18.292683,26.707317
0.138672,-0.839600,-0.345459,11.524390,20.975610,27.804878
0.151611,-0.837402,-0.344482,16.585366,23.109756,28.414634
0.166016,-0.826904,-0.339844,20.548780,24.695122,28.780488
0.178711,-0.815186,-0.330078,23.170732,25.853659,29.268293
0.182617,-0.811523,-0.316650,24.268293,26.402439,30.121951
0.177490,-0.823486,-0.302490,24.329268,25.792683,31.341463
0.168213,-0.851074,-0.290771,24.146341,24.024390,32.743902
0.152588,-0.894043,-0.283936,24.207317,21.707317,34.207317
0.128418,-0.944580,-0.283936,24.939024,19.451220,35.426829
0.098877,-0.985352,-0.291748,26.524390,17.378049,36.097561
0.062012,-1.008545,-0.308105,28.536585,15.792683,36.219512
0.020996,-1.020996,-0.326172,30.000000,14.268293,35.548780
-0.004883,-1.031250,-0.329346,31.036585,12.439024,34.146341
-0.016602,-1.036133,-0.306152,32.439024,10.731707,31.829268
-0.024902,-1.027588,-0.263672,33.658537,9.512195,28.292683
-0.029053,-0.994629,-0.240723,33.048780,8.353659,23.231707
0.006836,-0.933105,-0.300537,27.987805,7.256098,16.646341
0.074219,-0.882080,-0.449951,16.341463,8.597561,8.780488
0.136475,-0.880127,-0.654541,-1.219512,12.439024,-0.121951
0.182129,-0.923340,-0.849121,-21.646341,15.914634,-8.597561
0.187988,-0.984619,-0.991211,-41.890244,18.353659,-16.097561
0.122559,-1.054199,-1.090088,-60.182927,19.756098,-23.048780
0.050293,-1.113281,-1.164795,-72.439024,18.597561,-28.719512
-0.002930,-1.148682,-1.203125,-75.365854,17.987805,-31.280488
-0.021484,-1.167969,-1.206055,-70.792683,22.560976,-28.780488
-0.014404,-1.186523,-1.164795,-61.036585,33.170732,-20.853659
0.004639,-1.203613,-1.078369,-47.804878,46.768293,-9.634146
0.030273,-1.214355,-0.982178,-32.804878,59.329268,2.804878
0.076660,-1.205566,-0.903076,-16.158537,68.292683,16.158537
0.121338,-1.164795,-0.848633,2.621951,74.451220,30.487805
0.158203,-1.093506,-0.812500,22.195122,79.024390,45.426829
0.182373,-0.993896,-0.782715,40.426829,82.560976,60.182927
0.187256,-0.884766,-0.750488,54.024390,84.817073,74.207317
0.168945,-0.789307,-0.711670,60.792683,86.585366,86.219512
0.125244,-0.715576,-0.674561,61.036585,89.451220,95.243902
0.074219,-0.652100,-0.645264,56.463415,93.963415,101.036585
0.027100,-0.591797,-0.622803,49.268293,99.756098,104.329268
-0.018799,-0.525146,-0.600830,41.951220,107.134146,106.341463
-0.069092,-0.460205,-0.573975,35.853659,116.219512,107.743902
-0.128906,-0.410400,-0.537598,30.670732,126.463415,108.597561
-0.193604,-0.389160,-0.498291,25.243902,136.036585,108.536585
-0.242676,-0.406494,-0.470215,18.780488,143.109756,107.256098
-0.272217,-0.460205,-0.461914,11.463415,147.560976,104.634146
-0.283936,-0.540039,-0.469482,5.060976,150.243902,100.853659
-0.288574,-0.629639,-0.483643,0.548780,152.134146,96.463415
-0.290283,-0.719727,-0.499756,-1.646341,153.475610,91.646341
-0.288330,-0.804932,-0.513184,-1.463415,153.658537,86.524390
-0.282959,-0.880127,-0.521484,1.585366,152.682927,81.341463
-0.279053,-0.936523,-0.523926,7.682927,150.792683,76.341463
-0.283447,-0.966553,-0.517334,15.914634,148.048780,71.646341
-0.295410,-0.970947,-0.494141,25.182927,144.512195,67.378049
-0.305664,-0.957520,-0.456543,33.902439,140.243902,63.597561
-0.306396,-0.932373,-0.410889,41.036585,135.426829,60.243902
-0.299805,-0.906494,-0.360352,46.097561,130.792683,57.012195
-0.286133,-0.879639,-0.307617,49.207317,126.585366,53.780488
-0.270264,-0.854248,-0.259033,50.243902,122.987805,50.487805
-0.265137,-0.836182,-0.218750,49.390244,119.756098,47.134146
-0.277588,-0.829834,-0.191650,47.317073,115.914634,43.536585
-0.300293,-0.835449,-0.170410,44.939024,110.060976,39.634146
-0.334717,-0.839111,-0.179932,43.109756,102.500000,35.487805
-0.353271,-0.840576,-0.220947,41.280488,93.353659,31.402439
-0.336914,-0.861572,-0.255371,38.048780,84.390244,28.353659
-0.294678,-0.894531,-0.279053,34.085366,78.719512,26.890244
-0.239502,-0.927002,-0.291748,30.426829,76.829268,26.646341
-0.197021,-0.958252,-0.299316,26.768293,77.743902,26.463415
-0.183594,-0.994629,-0.311768,23.109756,78.536585,25.487805
-0.191895,-1.024902,-0.329346,21.219512,76.585366,24.573171
-0.204834,-1.029297,-0.342773,22.500000,71.463415,24.512195
-0.215088,-1.003174,-0.349365,26.158537,64.878049,25.426829
-0.209961,-0.961426,-0.367676,29.268293,59.268293,27.256098
-0.185547,-0.918213,-0.415527,29.024390,56.829268,29.634146
-0.169922,-0.901367,-0.519531,22.621951,58.414634,32.865854
-0.154785,-0.945312,-0.653809,9.024390,61.036585,37.926829
-0.156738,-1.046875,-0.771973,-7.682927,61.768293,45.121951
-0.170898,-1.141602,-0.865479,-20.243902,59.146341,52.073171
-0.141602,-1.190430,-0.923340,-24.329268,53.597561,56.707317
-0.050781,-1.183350,-0.941895,-20.975610,50.182927,58.658537
0.047852,-1.127686,-0.930420,-13.231707,53.109756,57.926829
0.120605,-1.052002,-0.902344,-4.939024,60.487805,54.817073
0.160156,-0.982666,-0.869629,1.341463,68.475610,49.756098
0.166504,-0.935547,-0.836670,4.695122,74.634146,43.536585
0.135498,-0.911377,-0.804443,4.512195,78.475610,36.646341
0.075439,-0.904053,-0.772705,2.134146,79.939024,28.963415
0.015381,-0.903320,-0.738281,-0.060976,78.841463,21.097561
-0.040283,-0.906982,-0.708008,-1.646341,76.646341,13.597561
-0.093506,-0.926270,-0.680420,-2.500000,74.756098,6.646341
-0.141602,-0.960693,-0.656006,-1.890244,73.414634,0.000000
-0.182861,-0.990723,-0.626709,1.036585,72.560976,-6.036585
-0.211426,-1.000977,-0.587158,5.853659,72.073171,-11.951220
-0.223633,-0.980713,-0.542969,11.463415,71.524390,-17.804878
-0.217041,-0.929199,-0.493164,16.585366,70.609756,-23.597561
-0.190918,-0.851074,-0.441895,20.182927,69.207317,-28.658537
-0.140137,-0.759277,-0.393555,21.097561,66.463415,-32.317073
-0.068115,-0.676025,-0.352783,18.597561,62.195122,-34.146341
0.010254,-0.614746,-0.323730,13.536585,57.743902,-34.024390
0.081787,-0.578369,-0.309814,7.012195,53.597561,-31.951220
0.139893,-0.566406,-0.314209,0.060976,49.512195,-28.414634
0.180908,-0.576172,-0.333008,-6.463415,45.243902,-23.719512
0.201660,-0.602539,-0.357178,-11.951220,40.731707,-18.292683
0.205322,-0.640137,-0.377197,-15.853659,36.585366,-12.621951
0.196045,-0.686279,-0.389648,-18.048780,33.536585,-6.951220
0.178223,-0.739990,-0.395020,-18.719512,32.012195,-1.463415
0.156738,-0.794434,-0.399170,-17.560976,32.195122,3.536585
0.135010,-0.840820,-0.403564,-14.390244,33.414634,7.987805
0.121582,-0.869629,-0.406494,-9.329268,34.817073,11.707317
0.119629,-0.879150,-0.405029,-3.292683,35.670732,14.756098
0.128662,-0.871094,-0.399170,2.439024,35.792683,17.073171
0.145264,-0.851562,-0.387695,7.134146,35.000000,18.902439
0.165039,-0.827637,-0.370605,10.121951,33.658537,20.243902
0.187744,-0.805908,-0.352539,11.524390,31.829268,21.219512
0.207031,-0.800049,-0.333008,11.402439,29.939024,21.951220
0.213379,-0.819580,-0.312012,10.121951,28.170732,22.500000
0.211914,-0.864746,-0.288330,8.780488,25.975610,22.804878
0.206299,-0.924561,-0.268066,8.658537,23.109756,22.926829
0.199951,-0.982666,-0.265625,10.182927,19.756098,22.743902
0.197266,-1.029297,-0.289062,12.926829,16.829268,22.560976
0.195557,-1.070557,-0.321777,16.097561,14.756098,22.256098
0.182129,-1.102295,-0.348877,19.268293,13.597561,21.585366
0.161621,-1.117920,-0.356934,22.621951,12.865854,20.304878
0.152344,-1.117188,-0.342773,25.609756,12.743902,18.292683
0.162354,-1.098389,-0.317627,27.682927,13.658537,15.182927
0.190674,-1.057373,-0.302002,28.658537,15.548780,10.914634
0.228516,-0.996582,-0.322754,28.414634,17.926829,5.914634
0.263184,-0.939453,-0.385010,25.914634,20.121951,0.487805
0.276123,-0.926270,-0.460938,19.390244,21.585366,-5.487805
0.264893,-0.960938,-0.554199,9.146341,22.804878,-11.829268
0.243164,-1.000000,-0.677979,-3.231707,24.817073,-18.231707
0.210449,-1.031250,-0.830078,-17.134146,28.597561,-25.365854
0.117920,-1.064941,-0.976807,-30.304878,34.390244,-32.926829
-0.025391,-1.092041,-1.072998,-39.024390,38.963415,-39.329268
-0.142090,-1.095459,-1.108643,-41.829268,39.390244,-42.926829
-0.219482,-1.081787,-1.100098,-39.939024,38.475610,-43.414634
-0.261719,-1.063965,-1.054688,-35.121951,38.353659,-40.304878
-0.269531,-1.055908,-0.988037,-29.756098,39.451220,-33.597561
-0.256348,-1.065918,-0.916748,-24.634146,40.731707,-24.695122
-0.229492,-1.084473,-0.848633,-17.378049,40.182927,-14.756098
-0.187012,-1.095215,-0.783691,-6.463415,36.341463,-3.902439
-0.129639,-1.084473,-0.721680,7.439024,30.792683,7.804878
-0.078125,-1.051758,-0.670166,21.402439,25.853659,19.634146
-0.045654,-0.999512,-0.624512,33.109756,22.560976,30.609756
-0.036865,-0.937500,-0.579590,41.219512,20.792683,39.573171
-0.049805,-0.877930,-0.538574,44.939024,20.426829,45.914634
-0.062256,-0.821045,-0.504395,45.487805,20.548780,50.304878
-0.055420,-0.765381,-0.479248,43.902439,21.707317,53.536585
-0.028320,-0.706543,-0.460938,40.731707,25.243902,55.792683
0.004639,-0.650635,-0.446289,36.219512,32.195122,56.707317
0.020996,-0.591553,-0.433105,31.036585,41.646341,56.402439
0.032471,-0.531738,-0.415771,24.390244,50.060976,54.634146
0.022461,-0.495117,-0.401367,15.487805,56.158537,51.463415
-0.018311,-0.491943,-0.393311,5.670732,60.060976,47.256098
-0.077881,-0.523193,-0.392090,-3.902439,61.646341,42.500000
-0.149414,-0.584717,-0.395752,-11.951220,61.768293,37.621951
-0.224121,-0.665527,-0.399414,-17.012195,60.792683,32.926829
-0.290527,-0.748779,-0.400879,-18.170732,58.780488,28.597561
-0.323975,-0.821533,-0.401123,-15.792683,55.487805,24.329268
-0.316650,-0.882080,-0.395020,-10.853659,51.341463,20.121951
-0.284668,-0.929199,-0.384277,-4.573171,46.890244,16.097561
-0.243164,-0.960938,-0.371826,2.012195,42.317073,12.621951
-0.211426,-0.972656,-0.357178,8.414634,37.439024,10.182927
-0.192871,-0.963867,-0.340332,13.963415,32.073171,8.597561
-0.187256,-0.940918,-0.321777,18.109756,26.585366,7.560976
-0.188721,-0.914795,-0.300781,20.670732,21.585366,6.585366
-0.190430,-0.892334,-0.276611,21.890244,17.560976,5.487805
-0.186523,-0.881592,-0.249023,22.256098,14.512195,3.963415
-0.169434,-0.884277,-0.220703,22.439024,12.743902,2.012195
-0.144287,-0.896973,-0.201172,22.987805,12.500000,-0.182927
-0.119873,-0.918701,-0.189941,24.268293,13.414634,-2.804878
-0.105713,-0.943359,-0.187500,26.524390,14.695122,-5.487805
-0.111328,-0.964355,-0.196289,29.695122,15.548780,-8.109756
-0.137695,-0.963379,-0.233398,33.597561,15.060976,-10.243902
-0.148438,-0.949463,-0.264648,36.524390,12.621951,-11.341463
-0.143555,-0.930908,-0.286377,37.195122,10.609756,-10.914634
-0.131104,-0.914062,-0.291992,35.243902,10.365854,-9.390244
-0.119141,-0.913086,-0.282227,31.097561,11.219512,-7.439024
-0.114502,-0.937256,-0.267578,25.243902,12.378049,-5.487805
-0.118896,-0.985840,-0.251465,19.085366,12.987805,-3.414634
-0.120117,-1.048828,-0.235352,14.573171,12.560976,-1.097561
-0.123047,-1.102295,-0.223633,13.719512,11.646341,1.402439
-0.132080,-1.125000,-0.228027,16.585366,11.158537,4.085366
-0.145020,-1.116699,-0.256592,20.304878,11.524390,7.439024
-0.160400,-1.097656,-0.307617,21.341463,12.987805,12.195122
-0.187256,-1.085205,-0.378174,17.621951,14.878049,18.292683
-0.225586,-1.083252,-0.458252,9.756098,15.853659,24.756098
-0.296143,-1.087646,-0.553711,-0.182927,14.817073,30.060976
-0.366699,-1.099365,-0.658691,-10.548780,10.365854,34.512195
-0.369629,-1.096924,-0.756348,-18.475610,3.658537,38.719512
-0.316162,-1.051270,-0.831299,-22.195122,-1.646341,41.463415
-0.253662,-0.962158,-0.869629,-23.841463,-4.024390,42.073171
-0.192871,-0.862549,-0.866699,-26.524390,-5.243902,40.609756
-0.112793,-0.796143,-0.826660,-31.463415,-6.707317,37.378049
-0.030762,-0.782227,-0.759521,-37.256098,-6.951220,32.560976
0.027344,-0.817139,-0.692627,-41.707317,-5.426829,26.036585
0.044678,-0.877441,-0.645020,-41.341463,-3.414634,17.500000
0.030762,-0.930908,-0.624268,-34.268293,-3.170732,6.890244
0.004639,-0.961914,-0.622070,-22.865854,-4.939024,-4.634146
-0.026123,-0.979980,-0.631348,-12.195122,-7.560976,-15.975610
-0.062256,-1.002197,-0.636475,-5.426829,-10.243902,-26.036585
-0.104248,-1.026367,-0.631104,-1.219512,-12.439024,-34.817073
-0.147705,-1.031494,-0.609619,2.865854,-14.695122,-42.439024
-0.181152,-1.007568,-0.576660,7.256098,-17.560976,-49.085366
-0.191895,-0.944092,-0.541260,11.219512,-21.341463,-54.695122
-0.196045,-0.853760,-0.501953,13.231707,-25.182927,-58.841463
-0.189941,-0.756836,-0.465088,11.829268,-29.634146,-60.975610
-0.164307,-0.676025,-0.430908,6.829268,-35.060976,-61.158537
-0.129150,-0.628174,-0.392822,-0.243902,-40.426829,-59.817073
-0.081055,-0.610596,-0.355713,-7.682927,-45.426829,-57.926829
-0.020752,-0.617920,-0.332520,-14.573171,-50.060976,-56.097561
0.033447,-0.650146,-0.329346,-20.243902,-53.841463,-53.902439
0.075439,-0.703613,-0.340576,-23.597561,-57.134146,-51.219512
0.105713,-0.762695,-0.356934,-23.414634,-60.000000,-48.292683
0.125244,-0.810791,-0.367676,-19.512195,-61.890244,-45.243902
0.133545,-0.838379,-0.369629,-13.414634,-62.256098,-42.439024
0.129639,-0.847900,-0.364502,-6.890244,-61.341463,-39.756098
0.116699,-0.846191,-0.355713,-1.097561,-59.939024,-37.195122
0.100586,-0.837402,-0.343506,3.353659,-59.024390,-34.634146
0.087402,-0.826416,-0.328857,6.524390,-58.963415,-31.951220
0.083496,-0.816162,-0.312012,8.658537,-59.512195,-28.963415
0.089111,-0.809570,-0.295166,9.878049,-60.121951,-25.548780
0.101318,-0.809814,-0.280029,10.243902,-60.121951,-21.768293
0.117920,-0.823486,-0.263916,9.878049,-59.756098,-17.926829
0.130859,-0.854736,-0.253418,9.024390,-59.207317,-14.329268
0.132568,-0.900391,-0.249512,8.536585,-59.146341,-11.341463
0.125732,-0.952393,-0.251221,8.841463,-60.060976,-9.390244
0.119629,-1.000488,-0.259521,10.304878,-61.585366,-8.414634
0.115723,-1.035156,-0.279053,13.048780,-62.560976,-7.865854
0.119385,-1.038086,-0.323242,17.317073,-62.195122,-7.378049
0.121338,-1.019775,-0.367188,21.768293,-59.695122,-6.524390
0.118896,-0.998047,-0.395752,24.390244,-56.036585,-6.097561
0.123047,-0.968018,-0.401611,25.731707,-52.012195,-6.463415
0.139648,-0.932129,-0.385498,25.426829,-47.743902,-7.317073
0.175781,-0.901611,-0.362549,22.256098,-42.804878,-8.780488
0.224121,-0.890869,-0.342529,16.524390,-36.951220,-10.975610
0.263428,-0.903320,-0.332275,9.756098,-30.853659,-14.390244
0.277344,-0.926514,-0.338867,4.329268,-25.731707,-19.024390
0.270996,-0.948730,-0.378418,0.731707,-22.987805,-24.329268
0.242920,-0.964844,-0.456299,-2.073171,-21.768293,-29.390244
0.193604,-0.979492,-0.573730,-6.768293,-20.487805,-34.390244
0.135742,-1.009766,-0.714600,-15.487805,-19.207317,-39.878049
0.059082,-1.070068,-0.833496,-27.804878,-17.865854,-46.097561
-0.055176,-1.154297,-0.902832,-40.731707,-17.073171,-53.292683
-0.189941,-1.232422,-0.924316,-50.121951,-18.841463,-60.000000
-0.315674,-1.281738,-0.922363,-52.926829,-23.109756,-63.780488
-0.410645,-1.293457,-0.910156,-47.987805,-28.536585,-63.170732
-0.470947,-1.267334,-0.884277,-36.707317,-33.414634,-58.292683
-0.492920,-1.209961,-0.848633,-22.439024,-36.829268,-50.548780
-0.482422,-1.144043,-0.810059,-9.329268,-38.780488,-41.341463
-0.432373,-1.086182,-0.770508,0.731707,-40.365854,-31.646341
-0.353027,-1.041016,-0.731445,7.439024,-41.219512,-22.317073
-0.267090,-1.000000,-0.690430,12.378049,-40.731707,-14.146341
-0.187256,-0.952148,-0.644531,17.560976,-39.146341,-7.317073
-0.124756,-0.902344,-0.598633,22.256098,-37.256098,-1.646341
-0.104980,-0.850342,-0.562012,25.548780,-35.548780,3.109756
-0.114258,-0.801514,-0.524414,27.317073,-35.548780,7.378049
-0.135742,-0.758789,-0.484619,26.890244,-37.865854,11.341463
-0.146484,-0.729736,-0.445801,22.560976,-41.585366,14.390244
-0.138184,-0.713867,-0.407959,14.634146,-44.390244,16.341463
-0.129150,-0.706543,-0.377930,5.426829,-44.512195,17.012195
-0.119873,-0.701660,-0.354004,-2.804878,-41.829268,16.646341
-0.118896,-0.692139,-0.339600,-8.902439,-36.890244,15.304878
-0.126709,-0.677246,-0.330811,-12.682927,-31.158537,13.231707
-0.141846,-0.663818,-0.322754,-14.695122,-25.792683,10.792683
-0.158691,-0.656982,-0.315918,-15.914634,-21.463415,8.109756
-0.172119,-0.662109,-0.315674,-17.317073,-18.048780,5.426829
-0.177246,-0.683838,-0.322754,-19.207317,-15.426829,2.804878
-0.171631,-0.719238,-0.333984,-20.975610,-13.658537,0.000000
-0.159424,-0.760254,-0.344727,-21.951220,-12.865854,-2.865854
-0.149902,-0.800781,-0.352539,-21.463415,-12.865854,-5.853659
-0.145996,-0.835205,-0.356934,-19.329268,-13.780488,-9.024390
-0.150391,-0.861816,-0.356201,-15.792683,-15.548780,-11.829268
-0.166016,-0.877686,-0.349121,-11.585366,-17.804878,-14.024390
-0.188232,-0.885010,-0.338623,-7.621951,-20.060976,-15.426829
-0.210938,-0.886230,-0.326416,-4.024390,-21.829268,-16.097561
-0.230957,-0.881348,-0.313965,-0.792683,-22.865854,-16.219512
-0.245850,-0.873535,-0.304932,1.951220,-23.109756,-16.097561
-0.251465,-0.865967,-0.297607,4.085366,-22.804878,-16.036585
-0.243164,-0.863281,-0.288818,5.487805,-22.012195,-16.341463
-0.224365,-0.870117,-0.277100,6.219512,-20.487805,-17.134146
-0.200439,-0.888672,-0.262451,6.707317,-18.231707,-18.292683
-0.177002,-0.915039,-0.250000,7.560976,-15.731707,-19.756098
-0.157959,-0.940430,-0.241699,9.268293,-13.109756,-21.219512
-0.149902,-0.955566,-0.246094,11.646341,-10.548780,-22.560976
-0.154541,-0.956299,-0.267822,14.085366,-8.414634,-23.780488
-0.164062,-0.954346,-0.288330,15.426829,-7.317073,-24.390244
-0.177002,-0.958252,-0.299805,15.487805,-6.768293,-24.512195
-0.193848,-0.970703,-0.297607,15.000000,-6.768293,-24.207317
-0.212158,-0.992676,-0.287842,14.634146,-7.378049,-23.475610
-0.227051,-1.023193,-0.271484,15.000000,-8.597561,-22.012195
-0.241943,-1.056885,-0.255371,16.707317,-10.182927,-19.756098
-0.251221,-1.084717,-0.255127,20.060976,-12.073171,-16.829268
-0.265869,-1.095215,-0.291260,23.963415,-13.780488,-12.865854
-0.304688,-1.089600,-0.372559,25.792683,-15.670732,-7.804878
-0.361816,-1.087158,-0.483398,23.414634,-19.817073,-1.341463
-0.399658,-1.102051,-0.586670,16.219512,-27.317073,6.158537
-0.410645,-1.126465,-0.666260,6.768293,-35.731707,13.841463
-0.400635,-1.147705,-0.729248,-0.731707,-42.317073,20.304878
-0.348145,-1.155029,-0.787598,-4.024390,-46.280488,25.243902
-0.242676,-1.127686,-0.832275,-2.439024,-47.500000,28.170732
-0.141846,-1.055176,-0.868164,1.768293,-46.585366,28.231707
-0.066162,-0.956055,-0.896973,3.597561,-46.158537,26.097561
0.012695,-0.864014,-0.893066,0.121951,-48.109756,22.743902
0.085693,-0.811523,-0.855957,-8.475610,-49.878049,18.780488
0.133301,-0.809326,-0.804688,-19.207317,-48.841463,14.390244
0.146484,-0.842041,-0.758789,-26.951220,-44.756098,9.085366
0.126709,-0.887207,-0.730225,-28.414634,-39.268293,2.560976
0.080078,-0.933105,-0.719971,-24.024390,-34.573171,-5.182927
0.026123,-0.973633,-0.715088,-16.768293,-32.256098,-14.146341
-0.026123,-1.010986,-0.704834,-10.060976,-32.073171,-23.475610
-0.070557,-1.044922,-0.681885,-4.756098,-33.109756,-32.865854
-0.106934,-1.059082,-0.650879,0.000000,-33.719512,-41.829268
-0.132568,-1.033691,-0.612793,5.487805,-33.902439,-50.000000
-0.152588,-0.967041,-0.569336,11.158537,-34.756098,-57.073171
-0.169922,-0.873779,-0.527100,14.817073,-36.707317,-62.378049
-0.179932,-0.769043,-0.483398,14.939024,-40.121951,-65.548780
-0.176025,-0.673096,-0.441650,11.219512,-45.000000,-67.012195
-0.155029,-0.597656,-0.408447,4.573171,-50.487805,-67.317073
-0.123779,-0.548340,-0.386963,-4.207317,-55.426829,-66.524390
-0.092529,-0.530762,-0.379150,-13.841463,-59.695122,-64.512195
-0.057617,-0.547363,-0.385010,-22.439024,-63.963415,-61.524390
-0.017578,-0.595215,-0.402344,-28.536585,-67.804878,-57.865854
0.020020,-0.669434,-0.426758,-31.402439,-70.731707,-53.841463
0.056396,-0.751953,-0.448242,-30.121951,-72.378049,-50.000000
0.088135,-0.825439,-0.464355,-24.878049,-72.621951,-46.463415
0.111084,-0.877441,-0.474121,-16.951220,-71.646341,-43.414634
0.128174,-0.906006,-0.473633,-7.926829,-70.182927,-40.792683
0.143311,-0.915527,-0.464600,0.792683,-68.536585,-38.658537
0.157227,-0.914307,-0.447266,8.841463,-66.890244,-36.524390
0.165283,-0.907471,-0.424316,15.609756,-65.182927,-34.268293
0.166260,-0.897461,-0.398193,20.731707,-63.475610,-31.646341
0.158936,-0.886475,-0.372314,23.658537,-61.646341,-28.719512
0.148682,-0.881348,-0.351562,24.146341,-59.756098,-25.731707
0.141846,-0.885010,-0.335449,22.804878,-57.743902,-22.926829
0.134521,-0.898682,-0.322266,20.487805,-55.426829,-20.426829
0.119629,-0.920654,-0.309814,17.987805,-53.231707,-18.719512
0.092529,-0.947998,-0.299805,15.731707,-51.707317,-17.987805
0.057129,-0.974609,-0.296875,14.085366,-51.158537,-17.926829
0.025635,-0.994385,-0.300537,13.353659,-51.463415,-18.048780
0.004639,-1.000488,-0.310059,13.414634,-51.646341,-18.048780
0.000000,-0.989746,-0.324707,13.780488,-51.036585,-17.743902
0.005859,-0.964600,-0.344971,13.841463,-49.085366,-17.073171
0.021484,-0.932373,-0.364014,13.048780,-46.280488,-16.524390
0.045410,-0.901611,-0.371582,11.036585,-43.353659,-16.280488
0.074219,-0.870850,-0.367676,8.231707,-41.036585,-16.585366
0.100342,-0.846924,-0.364990,4.390244,-39.329268,-17.073171
0.116455,-0.833496,-0.367676,-0.304878,-37.926829,-17.560976
0.126221,-0.831543,-0.385254,-5.426829,-37.134146,-17.926829
0.133545,-0.843750,-0.417969,-10.243902,-36.707317,-18.353659
0.141113,-0.864990,-0.454346,-13.841463,-35.426829,-19.451220
0.144775,-0.906006,-0.484863,-17.926829,-32.865854,-21.585366
0.144287,-0.967529,-0.503418,-22.926829,-28.780488,-24.817073
0.133301,-1.031738,-0.511963,-26.951220,-23.841463,-28.902439
0.098877,-1.072998,-0.520508,-27.987805,-19.268293,-32.500000
0.039795,-1.079102,-0.527100,-25.731707,-17.012195,-34.390244
-0.031250,-1.051514,-0.534912,-21.829268,-17.926829,-34.329268
-0.105957,-1.002686,-0.539062,-17.378049,-21.402439,-32.073171
-0.175781,-0.946289,-0.523926,-13.414634,-26.158537,-27.682927
-0.233398,-0.890625,-0.484619,-11.097561,-31.036585,-22.012195
-0.270996,-0.843506,-0.436768,-11.463415,-35.487805,-16.097561
-0.281738,-0.816162,-0.395996,-14.390244,-38.902439,-10.731707
-0.259766,-0.808594,-0.375000,-18.292683,-40.853659,-6.463415
-0.222656,-0.810303,-0.377686,-21.341463,-41.097561,-3.414634
-0.183838,-0.810547,-0.395264,-22.804878,-40.426829,-1.402439
-0.152832,-0.802734,-0.413574,-23.109756,-39.756098,-0.243902
-0.142334,-0.791748,-0.427002,-23.353659,-40.060976,0.182927
-0.151123,-0.781494,-0.432617,-24.146341,-42.195122,0.060976
-0.172852,-0.773682,-0.432617,-25.670732,-45.914634,-0.365854
-0.205078,-0.768066,-0.435547,-27.621951,-50.304878,-1.036585
-0.241455,-0.763184,-0.444580,-29.451220,-54.512195,-1.768293
-0.277588,-0.755371,-0.453613,-30.731707,-58.414634,-2.621951
-0.311768,-0.742188,-0.458984,-31.707317,-61.890244,-3.536585
-0.341309,-0.729980,-0.467285,-33.109756,-65.426829,-4.634146
-0.357910,-0.725586,-0.479980,-35.182927,-69.329268,-5.853659
-0.357666,-0.730225,-0.498291,-36.951220,-73.231707,-7.134146
-0.347900,-0.732178,-0.519531,-37.195122,-76.768293,-8.109756
-0.322510,-0.725830,-0.531738,-35.609756,-80.182927,-8.536585
-0.281250,-0.716797,-0.529785,-32.926829,-83.353659,-8.597561
-0.227295,-0.705811,-0.511963,-29.451220,-85.853659,-8.414634
-0.170898,-0.694580,-0.482666,-25.121951,-87.804878,-8.414634
-0.125732,-0.678467,-0.441406,-19.634146,-90.365854,-9.085366
-0.093506,-0.644531,-0.389404,-12.865854,-94.390244,-10.487805
-0.079346,-0.588623,-0.338379,-5.609756,-99.634146,-12.195122
-0.094971,-0.507324,-0.292725,0.731707,-106.158537,-13.963415
-0.141602,-0.411133,-0.258057,4.207317,-114.817073,-15.975610
-0.207764,-0.327148,-0.242920,2.560976,-127.012195,-18.536585
-0.272461,-0.276855,-0.245361,-4.390244,-142.195122,-21.158537
-0.313965,-0.269775,-0.259521,-14.878049,-158.292683,-23.048780
-0.334717,-0.300293,-0.286377,-26.341463,-173.292683,-23.597561
-0.332520,-0.352783,-0.312500,-35.975610,-186.158537,-23.048780
-0.306641,-0.412842,-0.314453,-41.890244,-196.524390,-22.195122
-0.259766,-0.469971,-0.294922,-44.329268,-204.512195,-21.707317
-0.203369,-0.513184,-0.292969,-44.268293,-210.000000,-21.646341
-0.153809,-0.537842,-0.326660,-42.560976,-214.085366,-22.073171
-0.120361,-0.552246,-0.373291,-40.182927,-217.682927,-22.987805
-0.090088,-0.561523,-0.412842,-38.292683,-221.463415,-24.451220
-0.057373,-0.570801,-0.454102,-36.951220,-223.414634,-26.585366
-0.031006,-0.567871,-0.500000,-35.243902,-222.743902,-29.268293
-0.011719,-0.545654,-0.549072,-32.804878,-220.853659,-31.951220
-0.002197,-0.510742,-0.595215,-30.365854,-217.012195,-34.024390
0.005859,-0.475830,-0.618408,-29.024390,-211.524390,-35.121951
0.030029,-0.454590,-0.618164,-29.146341,-206.890244,-35.548780
0.085205,-0.449951,-0.615723,-30.426829,-204.329268,-36.524390
0.162109,-0.460938,-0.613770,-32.256098,-203.109756,-38.902439
0.228760,-0.484863,-0.612061,-33.475610,-201.524390,-41.768293
0.257812,-0.512207,-0.599854,-33.658537,-198.109756,-44.390244
0.256348,-0.533203,-0.565186,-33.292683,-193.475610,-46.585366
0.232422,-0.539551,-0.497559,-33.292683,-189.390244,-48.536585
0.186279,-0.520996,-0.430176,-34.573171,-185.365854,-50.121951
0.130371,-0.480957,-0.369629,-36.707317,-179.634146,-50.304878
0.074219,-0.429443,-0.324951,-39.268293,-171.097561,-48.597561
0.045898,-0.388916,-0.311523,-41.829268,-161.036585,-44.451220
0.065430,-0.375977,-0.334473,-45.121951,-150.487805,-37.987805
0.124023,-0.387207,-0.410400,-49.634146,-138.658537,-29.207317
0.194580,-0.394775,-0.598389,-53.841463,-124.756098,-19.268293
0.238770,-0.377686,-0.885742,-57.865854,-109.634146,-9.512195
0.193115,-0.401123,-1.163574,-65.792683,-95.365854,-0.243902
0.034424,-0.527588,-1.304199,-78.719512,-86.829268,6.402439
-0.246094,-0.736816,-1.260010,-90.365854,-86.829268,8.902439
-0.555176,-1.086670,-1.091797,-89.634146,-94.024390,9.878049
-0.724121,-1.312988,-0.885010,-68.414634,-103.719512,14.573171
-0.825195,-1.198730,-0.617920,-33.048780,-114.268293,31.341463
-0.857910,-0.878906,-0.320312,-3.841463,-127.560976,57.012195
-0.796875,-0.634521,-0.110596,7.926829,-142.682927,83.109756
-0.708252,-0.564697,-0.084717,9.695122,-157.012195,103.963415
-0.731689,-0.672852,-0.206299,9.634146,-172.195122,115.853659
-0.897949,-0.906494,-0.318604,15.060976,-194.878049,119.146341
-1.298828,-1.224365,-0.336182,26.280488,-223.231707,118.719512
-1.845703,-1.448730,-0.328857,36.768293,-253.475610,118.780488
-2.805420,-1.440918,-0.375488,45.609756,-285.426829,128.475610
-3.786865,-1.443359,-0.372314,49.390244,-328.536585,139.451220
-4.082031,-1.377441,0.050781,41.646341,-372.256098,161.524390
-3.811035,-1.298340,0.468994,12.926829,-368.902439,203.231707
-3.075439,-1.239990,0.556885,-32.500000,-311.097561,244.512195
-2.256836,-1.269043,0.355469,-76.158537,-231.646341,272.804878
-1.543701,-1.347412,0.102051,-100.060976,-167.560976,287.743902
-1.005859,-1.489746,-0.145996,-104.390244,-138.841463,288.414634
-0.616455,-1.579590,-0.302979,-92.317073,-140.914634,277.012195
-0.445801,-1.555176,-0.379150,-65.121951,-150.060976,261.280488
-0.471924,-1.437256,-0.417725,-28.536585,-150.365854,246.707317
-0.568115,-1.267090,-0.395020,11.585366,-142.317073,235.548780
-0.665771,-1.052979,-0.354980,50.914634,-131.829268,228.475610
-0.751953,-0.817383,-0.280518,83.780488,-125.365854,222.865854
-0.789062,-0.589111,-0.188232,106.646341,-120.792683,217.134146
-0.752686,-0.370850,-0.072510,118.292683,-113.475610,209.939024
-0.642090,-0.142090,0.059082,119.146341,-101.524390,203.536585
-0.552246,0.144531,0.150879,112.378049,-82.682927,202.134146
-0.543213,0.448242,0.213623,99.268293,-61.402439,207.256098
-0.645996,0.682617,0.298828,82.012195,-48.597561,217.987805
-0.822021,0.830078,0.385010,61.585366,-52.317073,228.963415
-0.975098,0.858398,0.434326,38.231707,-68.536585,238.780488
-1.072021,0.811768,0.418945,18.231707,-85.365854,241.768293
-1.136475,0.714600,0.400635,8.902439,-93.231707,234.207317
-1.150391,0.617676,0.391113,11.768293,-90.548780,216.646341
-1.149658,0.549805,0.379883,23.658537,-75.548780,190.365854
-1.120361,0.489746,0.367188,40.670732,-51.402439,157.317073
-1.041260,0.499512,0.400391,61.585366,-23.353659,120.121951
-0.949219,0.539795,0.453369,80.609756,5.365854,83.170732
-0.875000,0.586426,0.477051,92.926829,28.353659,50.121951
-0.852051,0.615234,0.463623,95.975610,36.829268,25.914634
-0.869873,0.646240,0.440674,89.695122,30.975610,10.365854
-0.881592,0.674072,0.408691,76.097561,16.158537,0.670732
-0.889648,0.674805,0.377686,60.060976,-2.865854,-4.817073
-0.887451,0.636475,0.375732,47.560976,-22.621951,-6.402439
-0.865234,0.592529,0.409912,41.829268,-39.207317,-5.000000
-0.813965,0.586670,0.484131,42.256098,-49.329268,-1.646341
-0.739014,0.632812,0.591309,45.121951,-50.670732,2.195122
-0.679199,0.693604,0.686035,45.975610,-43.170732,4.878049
-0.651855,0.739014,0.744629,42.560976,-30.853659,4.939024
-0.651855,0.757080,0.756592,35.914634,-18.719512,2.378049
-0.667969,0.765381,0.733643,28.658537,-9.817073,-1.890244
-0.692383,0.774658,0.695557,21.585366,-5.060976,-6.768293
-0.717041,0.764404,0.652100,13.902439,-3.353659,-11.341463
-0.731201,0.713135,0.600586,6.402439,-3.048780,-15.487805
-0.723633,0.628906,0.557861,1.829268,-3.231707,-18.475610
-0.698486,0.547119,0.541992,1.585366,-2.926829,-20.060976
-0.669434,0.484375,0.538818,4.634146,-1.463415,-20.000000
-0.644775,0.440430,0.535156,9.329268,0.853659,-18.475610
-0.626221,0.416504,0.527344,14.939024,3.536585,-15.853659
-0.615234,0.421875,0.525146,20.792683,5.975610,-12.865854
-0.612549,0.457764,0.524414,25.670732,8.048780,-9.817073
-0.623535,0.509277,0.514404,28.292683,10.121951,-7.073171
-0.651855,0.558838,0.498779,28.170732,12.378049,-5.060976
-0.688232,0.590088,0.480713,25.548780,15.060976,-3.963415
-0.723145,0.603027,0.460938,21.463415,18.475610,-3.841463
-0.753662,0.603027,0.437256,16.341463,22.804878,-4.329268
-0.778564,0.593994,0.412109,10.670732,27.439024,-5.000000
-0.798828,0.575439,0.388428,5.000000,31.890244,-5.975610
-0.823242,0.547119,0.358887,0.182927,36.158537,-7.439024
-0.849854,0.511230,0.320801,-3.048780,40.243902,-9.390244
-0.876465,0.473877,0.271240,-4.939024,43.719512,-11.829268
-0.904297,0.435547,0.221191,-5.670732,45.914634,-14.390244
-0.929932,0.396240,0.179932,-5.548780,46.585366,-16.707317
-0.942871,0.364746,0.155029,-4.939024,46.341463,-18.414634
-0.949707,0.343262,0.138184,-4.268293,45.853659,-19.634146
-0.951172,0.328125,0.127441,-3.597561,44.878049,-20.304878
-0.957031,0.318359,0.118896,-3.109756,43.658537,-20.487805
-0.960693,0.313477,0.114746,-2.926829,42.195122,-20.304878
-0.965576,0.312256,0.107666,-2.987805,41.219512,-20.121951
-0.977783,0.315186,0.091309,-2.926829,40.731707,-20.365854
-0.991211,0.321533,0.069580,-2.743902,40.426829,-21.097561
-1.003906,0.327148,0.049072,-2.378049,40.182927,-22.195122
-1.016113,0.328857,0.034424,-1.829268,39.756098,-23.536585
-1.023926,0.326904,0.023926,-0.975610,39.207317,-24.939024
-1.024414,0.324219,0.019775,-0.060976,38.536585,-26.036585
-1.027588,0.319580,0.012695,0.792683,37.682927,-26.707317
-1.032227,0.315674,0.003906,1.585366,36.768293,-27.195122
-1.041260,0.308105,-0.007324,2.500000,35.731707,-27.621951
-1.042236,0.295166,-0.016846,3.597561,34.390244,-28.353659
-1.046875,0.280762,-0.030029,4.695122,33.048780,-29.085366
-1.050049,0.267334,-0.040527,5.914634,31.524390,-29.695122
-1.051025,0.253174,-0.044678,7.073171,29.573171,-30.426829
-1.057617,0.244385,-0.052734,7.926829,27.195122,-31.036585
-1.051514,0.240967,-0.051758,8.536585,24.573171,-31.524390
-1.051270,0.237305,-0.053467,8.902439,21.768293,-32.012195
-1.059814,0.230713,-0.056152,9.512195,18.475610,-32.439024
-1.069336,0.218018,-0.051025,10.548780,14.939024,-32.682927
-1.073975,0.207764,-0.050049,12.195122,11.585366,-32.804878
-1.077881,0.194824,-0.067383,14.268293,8.658537,-33.170732
-1.063721,0.184570,-0.080811,16.524390,6.585366,-33.780488
-1.038330,0.177002,-0.076904,17.317073,4.817073,-34.085366
-1.038818,0.149902,-0.066406,15.792683,2.439024,-33.231707
-1.058838,0.151611,-0.034180,13.048780,-1.463415,-30.609756
-1.072266,0.164307,-0.008301,8.963415,-6.524390,-26.158537
-1.056641,0.166260,0.002441,5.548780,-11.036585,-21.219512
-1.036377,0.153809,0.000488,3.414634,-14.451220,-16.768293
-1.016602,0.138428,0.002930,2.378049,-17.621951,-13.475610
-0.999756,0.126709,0.019043,1.585366,-20.182927,-10.304878
-0.986084,0.117920,0.044922,0.426829,-21.463415,-6.524390
-0.978516,0.108154,0.073486,-0.975610,-20.975610,-2.256098
-0.974854,0.104492,0.093018,-2.073171,-19.085366,2.195122
-0.973145,0.110107,0.096436,-2.560976,-16.463415,6.341463
-0.980225,0.120361,0.087158,-2.378049,-13.597561,9.695122
-0.985840,0.138428,0.082031,-1.890244,-11.402439,12.012195
-0.997070,0.157471,0.076172,-1.463415,-9.817073,13.353659
-1.004150,0.176514,0.077148,-0.914634,-8.597561,13.780488
-1.008057,0.192871,0.083008,-0.060976,-7.195122,13.353659
-1.010254,0.212646,0.091553,1.280488,-5.548780,12.560976
-1.007812,0.236816,0.100586,2.865854,-3.780488,11.707317
-1.003906,0.261230,0.102539,4.085366,-2.134146,10.853659
-1.005615,0.280762,0.096436,5.000000,-0.548780,9.695122
-1.009033,0.292480,0.085449,5.487805,0.792683,8.109756
-1.012939,0.294922,0.070557,5.548780,1.768293,6.097561
-1.015869,0.288818,0.055908,5.365854,2.439024,3.902439
-1.012695,0.273682,0.046387,4.756098,2.804878,1.951220
-1.010254,0.257568,0.042969,3.780488,2.865854,0.548780
-1.009033,0.246094,0.041016,2.500000,2.804878,-0.304878
-1.007324,0.238770,0.040527,1.280488,2.621951,-0.914634
-1.007324,0.235596,0.039307,0.304878,2.134146,-1.524390
-1.009033,0.234375,0.041260,-0.121951,1.402439,-2.195122
-1.010498,0.233643,0.045898,-0.304878,0.487805,-2.987805
-1.011475,0.230225,0.050781,-0.182927,-0.121951,-3.658537
-1.011230,0.223389,0.054199,0.243902,-0.487805,-4.024390
-1.011230,0.213867,0.055420,0.975610,-0.609756,-4.268293
-1.010498,0.204834,0.055664,1.707317,-0.609756,-4.268293
-1.009766,0.199219,0.055664,2.317073,-0.609756,-4.024390
-1.010010,0.197021,0.054199,2.743902,-0.487805,-3.536585
-1.010010,0.197266,0.052002,2.987805,-0.365854,-2.987805
-1.008301,0.198730,0.051514,2.987805,-0.304878,-2.439024
-1.006348,0.200684,0.051270,2.865854,-0.243902,-1.951220
-1.004639,0.202148,0.051025,2.682927,-0.182927,-1.524390
-1.004639,0.204102,0.050781,2.378049,-0.121951,-1.036585
-1.004639,0.206299,0.050293,2.073171,-0.121951,-0.609756
-1.005859,0.208984,0.048340,1.707317,-0.182927,-0.243902
-1.007812,0.211914,0.047119,1.280488,-0.243902,0.000000
-1.009277,0.214844,0.047119,0.853659,-0.426829,0.182927
-1.010986,0.216797,0.048096,0.487805,-0.609756,0.304878
-1.011230,0.217773,0.049561,0.121951,-0.792683,0.426829
-1.010254,0.217773,0.051758,-0.060976,-0.914634,0.426829
-1.008789,0.216797,0.053955,-0.121951,-1.036585,0.487805
-1.007812,0.215576,0.055908,-0.121951,-0.975610,0.487805
-1.007080,0.214844,0.056885,0.000000,-0.853659,0.426829
-1.007080,0.215088,0.057373,0.182927,-0.792683,0.365854
-1.006592,0.214844,0.057373,0.487805,-0.609756,0.304878
-1.006836,0.215820,0.057373,0.792683,-0.487805,0.182927
-1.008301,0.217285,0.056396,1.036585,-0.365854,0.000000
-1.009277,0.219238,0.055420,1.280488,-0.182927,-0.121951
-1.009766,0.220703,0.054932,1.524390,-0.121951,-0.365854
-1.009521,0.221924,0.054443,1.646341,0.000000,-0.548780
-1.009033,0.221924,0.054199,1.707317,0.000000,-0.731707
-1.009277,0.220947,0.053467,1.707317,0.060976,-0.914634
-1.009277,0.219482,0.052979,1.585366,0.121951,-1.097561
-1.009521,0.218018,0.052002,1.463415,0.182927,-1.158537
-1.008789,0.216553,0.051758,1.280488,0.243902,-1.158537
-1.007568,0.214111,0.051758,1.097561,0.182927,-1.097561
-1.006836,0.211426,0.052246,0.914634,0.182927,-0.975610
-1.006836,0.209717,0.052246,0.792683,0.182927,-0.853659
-1.007324,0.208252,0.051514,0.731707,0.182927,-0.731707
-1.008545,0.208008,0.050537,0.731707,0.121951,-0.548780
-1.009521,0.208740,0.050049,0.792683,0.060976,-0.426829
-1.010010,0.209473,0.050293,0.853659,-0.060976,-0.304878
-1.010254,0.210449,0.050537,0.975610,-0.182927,-0.182927
-1.010254,0.211670,0.050537,1.097561,-0.304878,-0.121951
-1.010010,0.213379,0.050781,1.158537,-0.426829,-0.060976
-1.010010,0.214111,0.051025,1.158537,-0.548780,0.000000
-1.009033,0.215332,0.051270,1.158537,-0.609756,0.000000
-1.008057,0.215820,0.051514,1.036585,-0.731707,0.000000
-1.007080,0.215820,0.051025,0.975610,-0.731707,0.000000
-1.007324,0.215332,0.052002,0.853659,-0.792683,0.000000
-1.007324,0.215332,0.052246,0.731707,-0.731707,0.000000
-1.007568,0.215332,0.052734,0.670732,-0.670732,-0.060976
-1.008545,0.215576,0.053955,0.670732,-0.609756,-0.121951
-1.008301,0.215576,0.053711,0.670732,-0.487805,-0.182927
-1.008545,0.216064,0.053955,0.731707,-0.426829,-0.243902
-1.008789,0.216064,0.052979,0.792683,-0.365854,-0.365854
-1.008789,0.215820,0.052490,0.853659,-0.304878,-0.426829
-1.008789,0.215332,0.052490,0.975610,-0.304878,-0.487805
-1.009521,0.215332,0.052246,0.975610,-0.365854,-0.548780
-1.009521,0.214844,0.051514,1.036585,-0.365854,-0.548780
-1.008789,0.214111,0.051025,1.097561,-0.426829,-0.548780
-1.008301,0.213623,0.051025,1.097561,-0.487805,-0.548780
-1.007812,0.213379,0.051025,1.036585,-0.487805,-0.487805
-1.007568,0.212891,0.051758,1.036585,-0.487805,-0.426829
-1.007324,0.213135,0.052002,0.975610,-0.487805,-0.365854
-1.007324,0.212891,0.052490,0.914634,-0.487805,-0.243902
-1.007568,0.213135,0.052734,0.853659,-0.426829,-0.182927
-1.008301,0.213623,0.052979,0.792683,-0.426829,-0.121951
-1.009033,0.214111,0.052979,0.792683,-0.426829,-0.060976
-1.008301,0.214355,0.052734,0.731707,-0.365854,0.000000
-1.008545,0.213867,0.052490,0.792683,-0.365854,0.000000
-1.009033,0.214355,0.052002,0.792683,-0.365854,0.000000
-1.009277,0.215332,0.051514,0.853659,-0.304878,0.000000
-1.009277,0.215576,0.052002,0.853659,-0.304878,-0.060976
-1.009033,0.215576,0.052002,0.853659,-0.304878,-0.060976
-1.008789,0.215820,0.052490,0.853659,-0.304878,-0.121951
-1.008301,0.215332,0.053467,0.853659,-0.304878,-0.182927
-1.008057,0.214355,0.053711,0.914634,-0.304878,-0.243902
-1.009033,0.214111,0.052734,0.914634,-0.243902,-0.304878
-1.008545,0.213867,0.052979,0.914634,-0.243902,-0.304878
-1.008057,0.213135,0.052979,0.853659,-0.304878,-0.243902
-1.007568,0.212402,0.053711,0.853659,-0.304878,-0.182927
-1.007324,0.212158,0.053467,0.792683,-0.365854,-0.121951
-1.008057,0.212158,0.053467,0.792683,-0.365854,-0.060976
-1.008789,0.212646,0.053467,0.792683,-0.365854,0.000000
-1.009766,0.213867,0.052979,0.853659,-0.426829,0.000000
-1.010742,0.214600,0.052246,0.853659,-0.426829,0.000000
-1.010498,0.215820,0.052490,0.853659,-0.426829,0.000000
-1.010010,0.216309,0.052979,0.914634,-0.426829,0.000000
-1.009521,0.216309,0.052734,0.914634,-0.487805,-0.121951
-1.009033,0.216064,0.052490,0.975610,-0.487805,-0.182927
-1.009277,0.215820,0.052734,0.975610,-0.487805,-0.304878
-1.009277,0.215088,0.052490,0.975610,-0.487805,-0.365854
-1.008789,0.214600,0.052490,0.975610,-0.487805,-0.487805
-1.009033,0.214111,0.052734,0.975610,-0.487805,-0.487805
-1.008789,0.213379,0.052979,0.914634,-0.487805,-0.487805
-1.008545,0.212646,0.052734,0.914634,-0.426829,-0.487805
-1.008545,0.212158,0.053223,0.914634,-0.426829,-0.487805
-1.008545,0.212158,0.053955,0.914634,-0.426829,-0.426829
-1.008057,0.212402,0.052979,0.914634,-0.426829,-0.365854
-1.007812,0.212646,0.052490,0.914634,-0.426829,-0.365854
-1.007568,0.212891,0.052490,0.914634,-0.426829,-0.304878
-1.007080,0.212646,0.052734,0.914634,-0.426829,-0.182927
-1.007080,0.212158,0.052734,0.853659,-0.426829,-0.121951
-1.007812,0.211914,0.052734,0.853659,-0.426829,-0.060976
-1.007812,0.211182,0.053467,0.792683,-0.426829,0.000000
-1.007568,0.210693,0.053955,0.792683,-0.365854,0.060976
-1.008057,0.210938,0.053467,0.731707,-0.365854,0.121951
-1.008789,0.212646,0.053223,0.670732,-0.304878,0.182927
-1.009033,0.214355,0.052979,0.670732,-0.304878,0.243902
-1.008789,0.215576,0.053467,0.670732,-0.243902,0.243902
-1.008789,0.216797,0.053467,0.731707,-0.243902,0.243902
-1.008545,0.217041,0.053467,0.731707,-0.243902,0.182927
-1.008545,0.217041,0.053223,0.792683,-0.304878,0.060976
-1.009277,0.217041,0.051758,0.792683,-0.365854,0.000000
-1.009033,0.216797,0.051270,0.853659,-0.426829,-0.060976
-1.008789,0.216553,0.051270,0.853659,-0.487805,-0.182927
-1.010010,0.217041,0.051514,0.914634,-0.548780,-0.304878
-1.010010,0.217285,0.052002,0.975610,-0.609756,-0.426829
-1.009766,0.217529,0.052734,1.036585,-0.609756,-0.548780
-1.009277,0.216553,0.052734,1.036585,-0.548780,-0.609756
-1.009033,0.216064,0.052979,1.097561,-0.548780,-0.670732
-1.008545,0.214844,0.052979,1.097561,-0.548780,-0.731707
-1.007568,0.213379,0.053711,1.036585,-0.487805,-0.731707
-1.007568,0.212402,0.053711,1.036585,-0.487805,-0.670732
-1.007324,0.211182,0.054199,0.975610,-0.426829,-0.548780
-1.007324,0.210205,0.054688,0.914634,-0.426829,-0.426829
-1.007568,0.208984,0.055664,0.853659,-0.426829,-0.243902
-1.007080,0.208984,0.055664,0.792683,-0.365854,0.000000
-1.007324,0.209961,0.055420,0.731707,-0.304878,0.121951
-1.007568,0.212158,0.055420,0.670732,-0.243902,0.304878
-1.008057,0.213867,0.054688,0.670732,-0.182927,0.426829
-1.008789,0.215332,0.053711,0.609756,-0.182927,0.487805
-1.009277,0.216797,0.052490,0.670732,-0.182927,0.548780
-1.010010,0.218018,0.052002,0.670732,-0.182927,0.487805
-1.010254,0.218018,0.051270,0.731707,-0.304878,0.365854
-1.010986,0.218750,0.051758,0.792683,-0.365854,0.182927
-1.011475,0.218750,0.052246,0.853659,-0.487805,0.000000
-1.011230,0.218750,0.052734,0.914634,-0.548780,-0.121951
-1.010742,0.217773,0.052734,0.975610,-0.609756,-0.304878
-1.010742,0.217041,0.052490,0.975610,-0.609756,-0.426829
-1.009766,0.216553,0.052734,0.975610,-0.670732,-0.548780
-1.009277,0.216064,0.052979,0.975610,-0.670732,-0.670732
-1.008545,0.215576,0.053467,0.975610,-0.670732,-0.731707
-1.007812,0.214844,0.054932,0.975610,-0.670732,-0.731707
-1.008057,0.214355,0.054932,1.036585,-0.609756,-0.731707
-1.008301,0.214111,0.053955,1.036585,-0.548780,-0.731707
-1.007812,0.213623,0.054199,1.036585,-0.548780,-0.670732
-1.007324,0.213379,0.055176,1.036585,-0.487805,-0.609756
-1.007324,0.213135,0.054443,1.036585,-0.426829,-0.548780
-1.007568,0.212402,0.053955,1.036585,-0.426829,-0.487805
-1.007568,0.211670,0.054199,0.975610,-0.426829,-0.426829
-1.007324,0.212158,0.055176,0.975610,-0.426829,-0.365854
-1.007080,0.212646,0.055664,0.914634,-0.365854,-0.304878
-1.007080,0.213135,0.055420,0.914634,-0.365854,-0.182927
-1.008057,0.213135,0.054932,0.914634,-0.304878,-0.121951
-1.009033,0.212891,0.053711,0.853659,-0.243902,0.000000
-1.009277,0.213379,0.053223,0.853659,-0.243902,0.000000
-1.009277,0.213623,0.052979,0.792683,-0.243902,0.000000
-1.009521,0.213623,0.052734,0.792683,-0.243902,0.060976
-1.010010,0.214355,0.052246,0.792683,-0.304878,0.060976
-1.009766,0.215088,0.052246,0.792683,-0.426829,0.000000
-1.010010,0.215332,0.052490,0.792683,-0.487805,0.000000
-1.009766,0.215820,0.052979,0.853659,-0.548780,-0.060976
-1.009277,0.215576,0.053467,0.853659,-0.609756,-0.121951
-1.009521,0.215820,0.053955,0.914634,-0.670732,-0.243902
-1.009521,0.216797,0.053467,0.914634,-0.670732,-0.365854
-1.009033,0.217773,0.052246,0.914634,-0.670732,-0.487805
-1.007812,0.216797,0.051514,0.914634,-0.670732,-0.548780
-1.007324,0.214355,0.052490,0.914634,-0.731707,-0.670732
-1.007324,0.211670,0.051758,0.914634,-0.792683,-0.670732
-1.008545,0.209717,0.051025,0.914634,-0.792683,-0.609756
-1.009033,0.209473,0.051270,0.853659,-0.853659,-0.487805
-1.008789,0.210693,0.052246,0.853659,-0.975610,-0.365854
-1.008301,0.211182,0.052979,0.792683,-1.036585,-0.243902
-1.008301,0.212158,0.054443,0.792683,-1.097561,-0.121951
-1.007812,0.213623,0.055908,0.792683,-1.036585,-0.060976
-1.007080,0.214844,0.057373,0.792683,-0.914634,0.000000
-1.006348,0.215088,0.058105,0.792683,-0.792683,0.000000
-1.006836,0.215088,0.058594,0.792683,-0.609756,0.000000
-1.007324,0.215088,0.057129,0.731707,-0.487805,0.000000
-1.007812,0.215088,0.056396,0.731707,-0.426829,0.000000
-1.009033,0.214844,0.055908,0.792683,-0.304878,0.000000
-1.009521,0.215576,0.055176,0.792683,-0.243902,-0.060976
-1.010010,0.215332,0.054199,0.853659,-0.243902,-0.121951
-1.010254,0.215332,0.053711,0.914634,-0.243902,-0.243902
-1.010010,0.215576,0.053223,0.975610,-0.304878,-0.304878
-1.009766,0.215332,0.053711,1.036585,-0.365854,-0.426829
-1.009521,0.214600,0.054443,1.036585,-0.426829,-0.548780
-1.009521,0.213867,0.053955,1.036585,-0.426829,-0.609756
-1.009766,0.212646,0.053223,1.036585,-0.487805,-0.670732
-1.009521,0.211426,0.053711,1.036585,-0.487805,-0.670732
-1.008545,0.210693,0.053711,1.036585,-0.548780,-0.670732
-1.007812,0.209961,0.053955,1.036585,-0.548780,-0.548780
-1.008301,0.209717,0.053711,0.975610,-0.487805,-0.487805
-1.008545,0.210205,0.054443,0.975610,-0.487805,-0.365854
-1.007812,0.210693,0.055908,0.914634,-0.426829,-0.243902
-1.008545,0.211426,0.055176,0.853659,-0.426829,-0.121951
-1.009033,0.211914,0.055176,0.792683,-0.365854,0.000000
-1.008545,0.212402,0.055908,0.792683,-0.365854,0.000000
-1.009521,0.212891,0.055176,0.731707,-0.365854,0.060976
-1.010498,0.213867,0.053711,0.731707,-0.365854,0.121951
-1.010254,0.214600,0.053467,0.792683,-0.365854,0.121951
-1.010010,0.215576,0.053223,0.792683,-0.365854,0.060976
-1.009766,0.215576,0.053223,0.792683,-0.426829,0.000000
-1.009033,0.216064,0.053955,0.853659,-0.426829,-0.060976
-1.008789,0.216553,0.054199,0.914634,-0.487805,-0.182927
-1.009033,0.217041,0.054443,0.914634,-0.487805,-0.304878
-1.009277,0.216797,0.054443,0.914634,-0.487805,-0.365854
-1.009033,0.215576,0.054199,0.914634,-0.487805,-0.426829
-1.009766,0.214844,0.053467,0.914634,-0.487805,-0.487805
-1.009033,0.214600,0.053711,0.914634,-0.487805,-0.487805
-1.008789,0.213867,0.054199,0.914634,-0.487805,-0.487805
-1.009766,0.213379,0.053467,0.914634,-0.487805,-0.426829
-1.010010,0.213379,0.053955,0.914634,-0.487805,-0.426829
-1.009766,0.213623,0.054443,0.914634,-0.548780,-0.365854
-1.009521,0.212891,0.054688,0.914634,-0.548780,-0.365854
-1.009033,0.212646,0.055176,0.853659,-0.548780,-0.365854
-1.009277,0.213867,0.055664,0.853659,-0.487805,-0.365854
-1.010010,0.213867,0.055664,0.914634,-0.426829,-0.365854
-1.010010,0.213867,0.054932,0.975610,-0.304878,-0.365854
-1.008057,0.212891,0.054443,0.975610,-0.243902,-0.304878
-1.007080,0.211670,0.053711,0.975610,-0.243902,-0.304878
-1.006836,0.209961,0.052979,0.914634,-0.243902,-0.182927
-1.006348,0.208984,0.053223,0.792683,-0.243902,-0.060976
-1.006836,0.209229,0.053955,0.731707,-0.304878,0.000000
-1.007568,0.211182,0.054443,0.670732,-0.304878,0.121951
-1.009521,0.213135,0.054443,0.670732,-0.304878,0.182927
-1.010498,0.214844,0.054199,0.670732,-0.304878,0.182927
-1.010498,0.216553,0.054199,0.731707,-0.304878,0.182927
-1.010254,0.217529,0.053955,0.792683,-0.304878,0.060976
-1.010010,0.218018,0.053467,0.853659,-0.304878,0.000000
-1.010010,0.218018,0.053467,0.914634,-0.304878,-0.182927
-1.009033,0.217773,0.052490,0.975610,-0.365854,-0.304878
-1.008545,0.217041,0.051758,1.036585,-0.426829,-0.487805
-1.008057,0.215820,0.052246,1.036585,-0.487805,-0.609756
-1.008057,0.214355,0.052490,1.036585,-0.609756,-0.670732
-1.008545,0.213379,0.052979,1.036585,-0.670732,-0.731707
-1.008545,0.213135,0.052979,1.036585,-0.792683,-0.731707
-1.008301,0.212891,0.054199,0.975610,-0.792683,-0.670732
-1.008301,0.212158,0.055176,0.975610,-0.792683,-0.670732
-1.008545,0.211914,0.055908,0.975610,-0.792683,-0.609756
-1.008545,0.211426,0.056885,0.975610,-0.731707,-0.548780
-1.007568,0.210938,0.056885,0.975610,-0.670732,-0.487805
-1.007568,0.210205,0.056885,0.914634,-0.609756,-0.426829
-1.007568,0.209717,0.056152,0.853659,-0.548780,-0.304878
-1.007568,0.210205,0.055664,0.853659,-0.487805,-0.182927
-1.007812,0.210693,0.055664,0.792683,-0.426829,-0.060976
-1.007568,0.211182,0.054932,0.731707,-0.426829,0.000000
-1.007568,0.211914,0.054443,0.731707,-0.426829,0.060976
-1.008301,0.212402,0.053955,0.731707,-0.426829,0.121951
-1.008301,0.213135,0.054443,0.731707,-0.426829,0.182927
-1.008545,0.214111,0.054199,0.731707,-0.426829,0.182927
-1.009033,0.214844,0.055176,0.731707,-0.426829,0.182927
-1.008789,0.215576,0.055664,0.731707,-0.426829,0.121951
-1.009033,0.215576,0.055420,0.731707,-0.426829,0.060976
-1.009033,0.215576,0.055420,0.731707,-0.426829,0.000000
-1.009033,0.215088,0.055420,0.792683,-0.426829,-0.121951
-1.009033,0.215088,0.055176,0.853659,-0.487805,-0.182927
-1.009033,0.214355,0.054688,0.853659,-0.487805,-0.304878
-1.008789,0.214111,0.054688,0.914634,-0.548780,-0.304878
-1.008057,0.213623,0.054932,0.914634,-0.609756,-0.365854
-1.007812,0.213135,0.055664,0.975610,-0.670732,-0.426829
-1.008545,0.212646,0.055420,0.975610,-0.670732,-0.426829
-1.008789,0.212646,0.055420,0.975610,-0.670732,-0.426829
-1.008301,0.212402,0.054688,0.914634,-0.609756,-0.426829
-1.007812,0.211670,0.054932,0.914634,-0.609756,-0.365854
-1.007568,0.211182,0.056641,0.853659,-0.609756,-0.365854
-1.007324,0.210693,0.057617,0.853659,-0.548780,-0.304878
-1.007080,0.209961,0.057373,0.853659,-0.548780,-0.243902
-1.007324,0.209473,0.056396,0.853659,-0.487805,-0.182927
-1.008057,0.209717,0.056152,0.853659,-0.426829,-0.121951
-1.008057,0.210449,0.056152,0.853659,-0.426829,0.000000
-1.007568,0.211426,0.057373,0.792683,-0.426829,0.000000
-1.007812,0.211914,0.057129,0.731707,-0.365854,0.121951
-1.007812,0.213379,0.056885,0.731707,-0.365854,0.182927
-1.008545,0.213867,0.056152,0.731707,-0.365854,0.182927
-1.009033,0.214600,0.054932,0.731707,-0.365854,0.182927
-1.009277,0.214844,0.054932,0.731707,-0.365854,0.182927
-1.009521,0.215088,0.054688,0.792683,-0.365854,0.121951
-1.009521,0.215332,0.054688,0.792683,-0.426829,0.060976
-1.010010,0.215088,0.054199,0.853659,-0.426829,0.000000
-1.009766,0.215820,0.053467,0.914634,-0.487805,-0.121951
-1.009277,0.216064,0.053955,0.975610,-0.487805,-0.243902
-1.009521,0.215576,0.053467,0.975610,-0.487805,-0.365854
-1.009033,0.215088,0.053955,1.036585,-0.548780,-0.426829
-1.009033,0.213867,0.054199,1.036585,-0.548780,-0.487805
-1.008545,0.212891,0.054443,0.975610,-0.609756,-0.609756
-1.008545,0.211426,0.055664,0.975610,-0.609756,-0.609756
-1.007812,0.210938,0.056152,0.914634,-0.609756,-0.609756
-1.008057,0.210938,0.056152,0.914634,-0.670732,-0.548780
-1.007812,0.210205,0.056885,0.914634,-0.609756,-0.548780
-1.007812,0.209961,0.056641,0.914634,-0.609756,-0.487805
-1.007568,0.210205,0.057129,0.914634,-0.548780,-0.365854
-1.007324,0.210938,0.056396,0.914634,-0.487805,-0.304878
-1.007080,0.211670,0.056885,0.853659,-0.487805,-0.182927
-1.007324,0.211426,0.057373,0.792683,-0.426829,-0.121951
-1.008057,0.211426,0.057129,0.792683,-0.426829,0.000000
-1.007812,0.212158,0.056396,0.792683,-0.365854,0.000000
-1.008057,0.213135,0.056396,0.792683,-0.365854,0.060976
-1.008301,0.213867,0.057129,0.792683,-0.304878,0.060976
-1.008789,0.214355,0.056885,0.792683,-0.304878,0.000000
-1.008789,0.214844,0.056641,0.792683,-0.304878,0.000000
-1.008789,0.215088,0.056885,0.853659,-0.365854,0.000000
-1.008545,0.215088,0.056641,0.853659,-0.365854,-0.060976
-1.008789,0.215088,0.057129,0.853659,-0.365854,-0.182927
-1.009033,0.214844,0.056885,0.914634,-0.365854,-0.243902
-1.009277,0.214600,0.056641,0.914634,-0.426829,-0.304878
-1.009033,0.214355,0.056641,0.914634,-0.426829,-0.365854
-1.008789,0.213623,0.056641,0.914634,-0.426829,-0.426829
-1.008789,0.212646,0.057373,0.914634,-0.426829,-0.426829
-1.009277,0.211914,0.057129,0.914634,-0.426829,-0.426829
-1.008789,0.211670,0.057373,0.914634,-0.426829,-0.426829
-1.008789,0.211426,0.058105,0.914634,-0.487805,-0.426829
-1.009033,0.210938,0.057373,0.914634,-0.487805,-0.365854
-1.009766,0.210938,0.057861,0.914634,-0.426829,-0.304878
-1.009521,0.211182,0.058105,0.914634,-0.426829,-0.304878
-1.009277,0.211426,0.057373,0.914634,-0.365854,-0.243902
-1.008545,0.211670,0.057617,0.914634,-0.365854,-0.243902
-1.008057,0.210938,0.058105,0.914634,-0.365854,-0.182927
-1.008301,0.209961,0.057617,0.914634,-0.304878,-0.182927
-1.009033,0.210449,0.055908,0.914634,-0.243902,-0.121951
-1.009277,0.211182,0.054932,0.914634,-0.243902,-0.060976
-1.008789,0.211914,0.055664,0.853659,-0.243902,0.000000
-1.008301,0.211670,0.056396,0.853659,-0.243902,0.000000
-1.008301,0.211670,0.057129,0.792683,-0.243902,0.060976
-1.008301,0.212402,0.056396,0.792683,-0.243902,0.121951
-1.008545,0.213379,0.056396,0.792683,-0.243902,0.121951
-1.009033,0.214111,0.056396,0.792683,-0.243902,0.121951
-1.009521,0.213867,0.056152,0.792683,-0.243902,0.121951
-1.010010,0.214355,0.055908,0.853659,-0.243902,0.060976
-1.010010,0.214844,0.055908,0.853659,-0.243902,0.000000
-1.010254,0.214844,0.055420,0.914634,-0.304878,-0.060976
-1.010010,0.215088,0.055176,0.914634,-0.304878,-0.121951
-1.009521,0.214600,0.055176,0.975610,-0.304878,-0.243902
-1.009033,0.213867,0.055420,0.975610,-0.304878,-0.365854
-1.009033,0.213379,0.055664,0.975610,-0.304878,-0.365854
-1.009277,0.213135,0.055908,0.975610,-0.304878,-0.426829
-1.009033,0.211914,0.056152,0.975610,-0.243902,-0.426829
-1.008789,0.211426,0.056396,0.975610,-0.243902,-0.365854
-1.008789,0.211670,0.056641,0.914634,-0.243902,-0.365854
-1.009277,0.211426,0.056885,0.914634,-0.182927,-0.304878
-1.009033,0.211182,0.055908,0.914634,-0.182927,-0.243902
-1.009277,0.211426,0.055176,0.914634,-0.182927,-0.182927
-1.009766,0.211426,0.055420,0.914634,-0.182927,-0.121951
-1.009277,0.211426,0.055908,0.853659,-0.182927,0.000000
-1.008789,0.211914,0.056152,0.853659,-0.182927,0.000000
-1.008789,0.212158,0.056152,0.853659,-0.182927,0.000000
-1.008789,0.212646,0.056396,0.853659,-0.182927,0.060976
-1.009277,0.212891,0.056641,0.853659,-0.182927,0.060976
-1.009033,0.213623,0.056152,0.853659,-0.243902,0.060976
-1.009033,0.214355,0.055420,0.853659,-0.243902,0.060976
-1.009521,0.215332,0.053955,0.853659,-0.243902,0.000000
-1.009521,0.215576,0.053955,0.853659,-0.243902,0.000000
-1.009766,0.215576,0.054443,0.914634,-0.304878,-0.060976
-1.009766,0.215332,0.054443,0.914634,-0.304878,-0.121951
-1.009521,0.215332,0.054688,0.914634,-0.304878,-0.182927
-1.009521,0.214600,0.054443,0.914634,-0.365854,-0.243902
-1.009033,0.214111,0.054932,0.914634,-0.365854,-0.304878
-1.009521,0.213379,0.055420,0.914634,-0.365854,-0.304878
-1.009521,0.213135,0.055420,0.914634,-0.365854,-0.304878
-1.009277,0.212891,0.056152,0.914634,-0.426829,-0.304878
-1.009033,0.213135,0.056152,0.914634,-0.426829,-0.304878
-1.008545,0.212891,0.056396,0.914634,-0.365854,-0.243902
-1.008301,0.212891,0.056396,0.914634,-0.365854,-0.243902
-1.008789,0.212646,0.056152,0.914634,-0.365854,-0.243902
-1.009521,0.212646,0.056152,0.914634,-0.365854,-0.243902
-1.009521,0.213135,0.056152,0.914634,-0.365854,-0.182927
-1.009521,0.213379,0.055908,0.914634,-0.304878,-0.182927
-1.008789,0.212891,0.055908,0.914634,-0.304878,-0.182927
-1.008057,0.212891,0.055908,0.914634,-0.304878,-0.182927
-1.008057,0.212646,0.056152,0.914634,-0.304878,-0.243902
-1.007812,0.211914,0.055908,0.914634,-0.243902,-0.243902
-1.008789,0.211670,0.054443,0.914634,-0.243902,-0.243902
-1.008545,0.212158,0.053711,0.914634,-0.182927,-0.243902
-1.008545,0.211914,0.054199,0.853659,-0.243902,-0.182927
-1.008057,0.211914,0.054199,0.792683,-0.243902,-0.060976
-1.007568,0.212402,0.053955,0.731707,-0.304878,0.000000
-1.008057,0.212646,0.053955,0.731707,-0.304878,0.000000
-1.008545,0.213379,0.052979,0.792683,-0.304878,0.000000
-1.008789,0.214355,0.053711,0.792683,-0.365854,0.000000
-1.009766,0.214600,0.054199,0.853659,-0.365854,0.000000
-1.010010,0.215576,0.054199,0.853659,-0.365854,0.000000
-1.009766,0.216309,0.054199,0.914634,-0.426829,0.000000
-1.009521,0.216309,0.054932,0.914634,-0.426829,-0.060976
-1.009033,0.216064,0.055176,0.975610,-0.487805,-0.182927
-1.008789,0.215576,0.055420,0.975610,-0.487805,-0.243902
-1.008301,0.215332,0.055176,0.975610,-0.487805,-0.365854
-1.008545,0.214355,0.054688,0.975610,-0.487805,-0.487805
-1.008301,0.214111,0.055176,0.975610,-0.426829,-0.548780
-1.008301,0.213867,0.056396,0.975610,-0.426829,-0.609756
-1.008545,0.213135,0.056641,0.975610,-0.487805,-0.670732
-1.009033,0.212646,0.056396,0.975610,-0.487805,-0.731707
-1.009277,0.212158,0.055664,0.975610,-0.487805,-0.731707
-1.009766,0.212402,0.055176,0.975610,-0.487805,-0.670732
-1.009521,0.212158,0.055176,1.036585,-0.487805,-0.609756
-1.008789,0.211670,0.054932,1.036585,-0.487805,-0.548780
-1.008545,0.211670,0.054688,0.975610,-0.487805,-0.487805
-1.009033,0.211670,0.054688,0.975610,-0.487805,-0.426829
-1.008301,0.211426,0.055420,0.914634,-0.487805,-0.304878
-1.008057,0.210938,0.054932,0.914634,-0.487805,-0.182927
-1.007812,0.211182,0.054932,0.853659,-0.487805,-0.121951
-1.007812,0.211914,0.055176,0.853659,-0.426829,-0.060976
-1.008301,0.212891,0.055420,0.853659,-0.426829,0.000000
-1.008789,0.213379,0.054688,0.853659,-0.426829,0.000000
-1.009277,0.213867,0.054199,0.853659,-0.365854,0.000000
-1.008789,0.214844,0.053955,0.853659,-0.365854,0.000000
-1.008057,0.214844,0.054199,0.853659,-0.365854,0.000000
-1.007568,0.215332,0.053955,0.853659,-0.365854,-0.060976
-1.007812,0.214844,0.053467,0.853659,-0.365854,-0.121951
-1.007568,0.214844,0.053955,0.914634,-0.365854,-0.243902
-1.008301,0.214844,0.054199,0.914634,-0.365854,-0.243902
-1.008789,0.214355,0.054199,0.914634,-0.365854,-0.304878
-1.008789,0.214111,0.055176,0.914634,-0.426829,-0.365854
-1.008789,0.213867,0.054688,0.914634,-0.426829,-0.365854
-1.008545,0.214111,0.054688,0.914634,-0.487805,-0.365854
-1.008057,0.213623,0.055176,0.914634,-0.487805,-0.365854
-1.007812,0.212891,0.055420,0.914634,-0.487805,-0.365854
-1.008057,0.212158,0.056152,0.914634,-0.487805,-0.304878
-1.008545,0.211914,0.055908,0.914634,-0.426829,-0.304878
-1.008301,0.211914,0.055664,0.914634,-0.426829,-0.243902
-1.007568,0.212158,0.055420,0.853659,-0.426829,-0.243902
-1.007568,0.211914,0.055664,0.853659,-0.365854,-0.182927
-1.007324,0.211670,0.056152,0.853659,-0.365854,-0.182927
-1.007568,0.211670,0.056396,0.914634,-0.365854,-0.121951
-1.008789,0.212158,0.055420,0.914634,-0.304878,-0.121951
-1.008789,0.213135,0.055420,0.853659,-0.243902,0.000000
-1.008301,0.213379,0.055664,0.853659,-0.304878,0.000000
-1.008301,0.212891,0.055664,0.792683,-0.304878,0.060976
-1.008301,0.212891,0.054932,0.792683,-0.304878,0.121951
-1.008789,0.213135,0.054443,0.731707,-0.304878,0.121951
-1.009277,0.213623,0.053711,0.792683,-0.304878,0.182927
-1.009521,0.213867,0.053955,0.792683,-0.304878,0.182927
-1.009766,0.214355,0.053711,0.853659,-0.365854,0.121951
-1.009766,0.214844,0.053223,0.853659,-0.365854,0.060976
-1.009521,0.215820,0.052979,0.853659,-0.365854,0.000000
-1.009766,0.216553,0.053223,0.914634,-0.426829,-0.060976
-1.009521,0.216553,0.053467,0.975610,-0.487805,-0.243902
-1.009033,0.216309,0.053711,0.975610,-0.487805,-0.365854
-1.009277,0.215576,0.053467,1.036585,-0.548780,-0.487805
-1.009033,0.214600,0.053955,1.036585,-0.548780,-0.548780
-1.008545,0.213867,0.053223,1.036585,-0.548780,-0.609756
-1.008301,0.213135,0.054199,0.975610,-0.548780,-0.670732
-1.008057,0.212402,0.055176,0.975610,-0.487805,-0.670732
-1.007812,0.211182,0.054443,0.975610,-0.487805,-0.609756
-1.008057,0.210449,0.054688,0.975610,-0.487805,-0.548780
-1.007812,0.210449,0.054688,0.975610,-0.426829,-0.487805
-1.007568,0.210449,0.054443,0.914634,-0.426829,-0.365854
-1.007568,0.210693,0.054443,0.914634,-0.365854,-0.304878
-1.007080,0.210449,0.053711,0.914634,-0.365854,-0.182927
-1.007568,0.211182,0.053711,0.853659,-0.365854,-0.121951
-1.007812,0.211670,0.053467,0.853659,-0.365854,0.000000
-1.008057,0.212158,0.053955,0.853659,-0.365854,0.000000
-1.008301,0.212646,0.054443,0.792683,-0.365854,0.060976
-1.008545,0.213379,0.054688,0.792683,-0.365854,0.060976
-1.008545,0.214844,0.054199,0.792683,-0.365854,0.060976
-1.008545,0.215576,0.053711,0.792683,-0.365854,0.060976
-1.009277,0.215576,0.053467,0.792683,-0.365854,0.000000
-1.009277,0.215332,0.052734,0.792683,-0.365854,-0.060976
-1.009521,0.214355,0.052490,0.792683,-0.426829,-0.121951
-1.008789,0.214600,0.053467,0.853659,-0.487805,-0.182927
-1.009033,0.214111,0.053467,0.853659,-0.487805,-0.243902
-1.008789,0.213623,0.054199,0.853659,-0.487805,-0.304878
-1.008789,0.213867,0.055176,0.853659,-0.548780,-0.426829
-1.008301,0.213623,0.055420,0.914634,-0.548780,-0.426829
-1.008301,0.213135,0.056152,0.914634,-0.548780,-0.487805
-1.008301,0.212158,0.056396,0.914634,-0.548780,-0.487805
-1.008301,0.211914,0.056396,0.914634,-0.548780,-0.487805
-1.008301,0.211426,0.056885,0.914634,-0.548780,-0.426829
-1.009033,0.211182,0.057129,0.914634,-0.487805,-0.426829
-1.008545,0.210938,0.056885,0.914634,-0.487805,-0.365854
-1.008301,0.211182,0.056396,0.914634,-0.426829,-0.304878
-1.007568,0.210938,0.056152,0.914634,-0.426829,-0.243902
-1.008301,0.211182,0.056152,0.914634,-0.426829,-0.182927
-1.009033,0.212158,0.055908,0.853659,-0.365854,-0.121951
-1.009521,0.213135,0.055664,0.853659,-0.304878,-0.121951
-1.009033,0.213135,0.055176,0.853659,-0.304878,-0.121951
-1.008545,0.213623,0.054688,0.853659,-0.304878,-0.121951
-1.008545,0.213623,0.054932,0.853659,-0.304878,-0.121951
-1.008301,0.212891,0.055176,0.853659,-0.304878,-0.182927
-1.008301,0.212402,0.054199,0.853659,-0.304878,-0.182927
-1.008545,0.213135,0.054443,0.853659,-0.304878,-0.182927
-1.008545,0.213379,0.055908,0.853659,-0.304878,-0.121951
-1.008545,0.213135,0.055420,0.853659,-0.304878,-0.121951
-1.008057,0.213623,0.056152,0.792683,-0.304878,-0.060976
-1.007812,0.213867,0.056885,0.792683,-0.365854,0.000000
-1.008545,0.214355,0.056396,0.792683,-0.365854,0.000000
-1.008545,0.214600,0.056396,0.792683,-0.365854,0.000000
-1.009033,0.215088,0.055420,0.853659,-0.365854,0.000000
-1.009277,0.215332,0.054932,0.853659,-0.365854,-0.060976
-1.008545,0.215820,0.054932,0.914634,-0.365854,-0.121951
-1.008545,0.216309,0.055176,0.914634,-0.365854,-0.243902
-1.007812,0.216064,0.055664,0.975610,-0.365854,-0.304878
-1.008301,0.215332,0.056152,0.975610,-0.304878,-0.426829
-1.008545,0.214844,0.056152,1.036585,-0.304878,-0.487805
-1.008301,0.214600,0.055420,1.036585,-0.304878,-0.548780
-1.008789,0.214111,0.054443,0.975610,-0.243902,-0.609756
-1.009033,0.213135,0.054199,0.975610,-0.243902,-0.609756
-1.009033,0.211426,0.054199,0.975610,-0.243902,-0.609756
-1.009033,0.210938,0.054932,0.975610,-0.243902,-0.548780
-1.009277,0.210449,0.055420,0.975610,-0.243902,-0.487805
-1.009521,0.210205,0.055908,0.975610,-0.243902,-0.426829
-1.009277,0.210449,0.056641,0.975610,-0.243902,-0.304878
-1.008301,0.210449,0.057129,0.975610,-0.243902,-0.243902
-1.007812,0.210449,0.056885,0.914634,-0.182927,-0.121951
-1.007324,0.210449,0.056641,0.853659,-0.121951,0.000000
-1.007080,0.211670,0.056641,0.853659,-0.121951,0.000000
-1.007324,0.212158,0.056641,0.792683,-0.060976,0.121951
-1.007568,0.212646,0.056396,0.792683,-0.060976,0.182927
-1.007568,0.213379,0.055908,0.792683,-0.060976,0.243902
-1.008301,0.214600,0.055908,0.792683,0.000000,0.243902
-1.008789,0.214844,0.054932,0.792683,0.000000,0.243902
-1.009033,0.215332,0.053955,0.792683,0.000000,0.182927
-1.009033,0.215088,0.053223,0.792683,0.000000,0.121951
-1.009277,0.215088,0.052734,0.792683,0.000000,0.060976
-1.009521,0.214844,0.052490,0.853659,0.000000,0.000000
-1.009033,0.214844,0.051758,0.853659,-0.060976,0.000000
-1.008545,0.214600,0.052002,0.914634,-0.121951,-0.121951
-1.008301,0.214600,0.052246,0.914634,-0.121951,-0.182927
-1.008545,0.214355,0.052490,0.914634,-0.182927,-0.243902
-1.008057,0.213623,0.052734,0.914634,-0.182927,-0.304878
-1.007812,0.212891,0.053223,0.975610,-0.243902,-0.304878
-1.007812,0.212891,0.054199,0.975610,-0.243902,-0.365854
-1.008301,0.212646,0.053467,0.975610,-0.243902,-0.365854
-1.008057,0.212891,0.053711,0.975610,-0.243902,-0.304878
-1.008301,0.212891,0.053711,0.914634,-0.182927,-0.304878
-1.008057,0.212891,0.054932,0.914634,-0.182927,-0.243902
-1.007812,0.212646,0.056152,0.914634,-0.182927,-0.182927
-1.007568,0.212891,0.056396,0.914634,-0.182927,-0.121951
-1.008545,0.213135,0.055908,0.853659,-0.121951,-0.060976
-1.009277,0.213623,0.055664,0.853659,-0.121951,0.000000
-1.010254,0.214355,0.055664,0.853659,-0.060976,0.000000
-1.010254,0.214355,0.055420,0.853659,-0.060976,0.000000
-1.010010,0.214111,0.054688,0.853659,0.000000,0.000000
-1.009521,0.213379,0.055420,0.914634,0.000000,-0.060976
-1.009033,0.212646,0.055664,0.914634,0.000000,-0.060976
-1.008789,0.212158,0.054688,0.914634,0.000000,-0.060976
-1.009277,0.212646,0.053467,0.914634,0.060976,-0.060976
-1.009033,0.213135,0.052246,0.914634,0.121951,-0.060976
-1.008545,0.213135,0.051758,0.914634,0.121951,0.000000
-1.008545,0.212891,0.052002,0.853659,0.060976,0.000000
-1.008789,0.213379,0.052490,0.853659,0.000000,0.000000
-1.008789,0.213867,0.052002,0.792683,0.000000,0.060976
-1.009033,0.214111,0.052002,0.792683,0.000000,0.060976
-1.009277,0.214600,0.052734,0.853659,0.000000,0.060976
-1.009766,0.214600,0.053467,0.853659,0.000000,0.000000
-1.010010,0.214844,0.052979,0.914634,-0.060976,0.000000
-1.010010,0.215332,0.052734,0.914634,-0.060976,0.000000
-1.009766,0.215576,0.052979,0.975610,-0.060976,-0.060976
-1.009277,0.215576,0.053223,0.975610,-0.121951,-0.121951
-1.008545,0.215576,0.052979,0.975610,-0.121951,-0.182927
-1.008545,0.215332,0.053223,1.036585,-0.121951,-0.304878
-1.008545,0.215088,0.052490,1.036585,-0.182927,-0.365854
-1.009277,0.214600,0.052734,1.036585,-0.182927,-0.426829
-1.009033,0.213135,0.052979,1.036585,-0.243902,-0.426829
-1.009033,0.212402,0.052979,1.036585,-0.243902,-0.426829
-1.009033,0.212158,0.052734,0.975610,-0.304878,-0.426829
-1.009033,0.211914,0.052246,0.975610,-0.304878,-0.365854
-1.009277,0.211670,0.052246,0.914634,-0.365854,-0.365854
-1.008789,0.211182,0.052002,0.914634,-0.365854,-0.243902
-1.008545,0.211670,0.052002,0.914634,-0.365854,-0.182927
-1.008545,0.211914,0.052246,0.853659,-0.426829,-0.121951
-1.008545,0.212158,0.052246,0.853659,-0.426829,-0.060976
-1.008545,0.212646,0.052734,0.853659,-0.426829,0.000000
-1.009277,0.213135,0.053467,0.792683,-0.426829,0.000000
-1.009033,0.214111,0.053467,0.792683,-0.426829,0.060976
-1.009033,0.214355,0.052734,0.792683,-0.426829,0.060976
-1.009521,0.215088,0.052246,0.792683,-0.426829,0.000000
-1.010010,0.215332,0.052002,0.853659,-0.426829,0.000000
-1.009277,0.215088,0.051514,0.853659,-0.426829,-0.060976
-1.008789,0.215088,0.051758,0.853659,-0.426829,-0.060976
-1.008301,0.215088,0.051270,0.853659,-0.426829,-0.121951
-1.008301,0.214844,0.051758,0.914634,-0.426829,-0.182927
-1.009033,0.214844,0.051514,0.914634,-0.487805,-0.243902
-1.009521,0.215088,0.052002,0.914634,-0.487805,-0.304878
-1.009521,0.215088,0.051758,0.914634,-0.487805,-0.365854
-1.009033,0.214111,0.051758,0.975610,-0.548780,-0.365854
-1.008545,0.213623,0.051758,0.975610,-0.548780,-0.426829
-1.008057,0.213379,0.052246,0.975610,-0.548780,-0.487805
-1.008545,0.213135,0.052490,0.975610,-0.548780,-0.487805
-1.008545,0.212402,0.052734,0.975610,-0.548780,-0.426829
-1.008301,0.212158,0.052490,0.975610,-0.548780,-0.426829
-1.008057,0.211670,0.052734,0.975610,-0.548780,-0.365854
-1.008545,0.211670,0.052979,0.914634,-0.487805,-0.365854
-1.008545,0.211914,0.053223,0.914634,-0.487805,-0.243902
-1.008301,0.211914,0.053467,0.853659,-0.426829,-0.182927
-1.008301,0.212402,0.052734,0.853659,-0.426829,-0.121951
-1.009033,0.213379,0.052979,0.853659,-0.426829,-0.121951
-1.009521,0.214111,0.052979,0.853659,-0.426829,-0.060976
-1.009033,0.214600,0.052246,0.853659,-0.426829,-0.060976
-1.008789,0.214600,0.051758,0.853659,-0.426829,-0.121951
-1.008789,0.214111,0.052490,0.914634,-0.426829,-0.182927
-1.008545,0.213379,0.053711,0.914634,-0.487805,-0.243902
-1.008545,0.212891,0.053711,0.914634,-0.426829,-0.304878
-1.008789,0.213135,0.052002,0.975610,-0.426829,-0.304878
-1.008545,0.213379,0.052246,0.975610,-0.365854,-0.243902
-1.007812,0.212891,0.052734,0.914634,-0.365854,-0.182927
-1.007324,0.212158,0.052490,0.853659,-0.365854,-0.121951
-1.007324,0.212402,0.051514,0.853659,-0.365854,-0.060976
-1.008057,0.212402,0.050781,0.792683,-0.365854,0.000000
-1.008545,0.213379,0.050293,0.792683,-0.365854,0.000000
-1.009277,0.213623,0.051025,0.853659,-0.426829,0.000000
-1.009521,0.214600,0.051758,0.853659,-0.487805,0.000000
-1.009766,0.215088,0.051514,0.914634,-0.487805,0.000000
-1.010254,0.215576,0.052002,0.914634,-0.548780,-0.121951
-1.010010,0.215088,0.052490,0.975610,-0.548780,-0.182927
-1.009521,0.214600,0.052490,0.975610,-0.548780,-0.304878
-1.009277,0.214111,0.052246,1.036585,-0.548780,-0.426829
-1.009033,0.213867,0.052246,1.036585,-0.548780,-0.487805
-1.009033,0.213135,0.052490,0.975610,-0.487805,-0.548780
-1.008301,0.212402,0.052490,0.975610,-0.487805,-0.609756
-1.008301,0.211670,0.052490,0.975610,-0.487805,-0.609756
-1.008057,0.210938,0.053223,0.975610,-0.548780,-0.548780
-1.008545,0.210693,0.053223,0.975610,-0.548780,-0.548780
-1.009033,0.210938,0.053467,0.975610,-0.548780,-0.487805
-1.009277,0.210938,0.053223,0.975610,-0.487805,-0.426829
-1.009033,0.210938,0.052979,0.975610,-0.487805,-0.365854
-1.008545,0.211182,0.053955,0.914634,-0.487805,-0.243902
-1.008057,0.211182,0.054688,0.914634,-0.426829,-0.182927
-1.007812,0.211670,0.054443,0.853659,-0.426829,-0.060976
-1.008545,0.211914,0.053467,0.853659,-0.426829,0.000000
-1.008301,0.212158,0.053467,0.792683,-0.426829,0.000000
-1.008789,0.212402,0.053711,0.792683,-0.426829,0.000000
-1.009033,0.213135,0.053955,0.792683,-0.426829,0.000000
-1.008545,0.213867,0.053711,0.792683,-0.426829,0.000000
-1.009033,0.214355,0.053711,0.792683,-0.426829,0.000000
-1.008789,0.214355,0.054199,0.792683,-0.365854,0.000000
-1.008789,0.214111,0.054199,0.792683,-0.304878,0.000000
-1.009766,0.213623,0.053223,0.792683,-0.304878,-0.060976
-1.010498,0.213867,0.052490,0.792683,-0.243902,-0.121951
-1.010498,0.214111,0.052002,0.792683,-0.243902,-0.182927
-1.010254,0.213867,0.051514,0.853659,-0.304878,-0.243902
-1.009277,0.213379,0.051514,0.853659,-0.426829,-0.304878
-1.008545,0.212891,0.051758,0.853659,-0.487805,-0.365854
-1.007812,0.212646,0.051758,0.853659,-0.609756,-0.365854
-1.007568,0.212891,0.051514,0.914634,-0.670732,-0.365854
-1.007812,0.213135,0.052002,0.914634,-0.792683,-0.365854
-1.008789,0.213379,0.052490,0.914634,-0.853659,-0.365854
-1.009277,0.213623,0.053467,0.853659,-0.853659,-0.365854
-1.009766,0.212891,0.053955,0.853659,-0.792683,-0.304878
-1.009766,0.212158,0.054688,0.853659,-0.731707,-0.304878
-1.009766,0.211670,0.055420,0.853659,-0.670732,-0.243902
-1.008789,0.211426,0.055908,0.853659,-0.670732,-0.182927
-1.008301,0.212158,0.055908,0.853659,-0.609756,-0.121951
-1.008057,0.212646,0.055420,0.853659,-0.548780,-0.060976
-1.008301,0.212891,0.055176,0.792683,-0.487805,0.000000
-1.008301,0.213379,0.054932,0.792683,-0.487805,0.000000
-1.008789,0.213623,0.054443,0.792683,-0.426829,0.000000
-1.008789,0.214355,0.053711,0.792683,-0.365854,0.000000
-1.008545,0.214355,0.052734,0.853659,-0.365854,-0.060976
-1.008789,0.214355,0.053223,0.853659,-0.365854,-0.121951
-1.009521,0.214111,0.054199,0.914634,-0.426829,-0.243902
-1.009766,0.213623,0.053711,0.914634,-0.426829,-0.304878
-1.010986,0.213867,0.052490,0.914634,-0.365854,-0.365854
-1.010498,0.213867,0.052490,0.975610,-0.365854,-0.365854
-1.009521,0.213379,0.053955,0.914634,-0.365854,-0.365854
-1.008545,0.213135,0.053955,0.914634,-0.365854,-0.365854
-1.007324,0.211914,0.053955,0.914634,-0.365854,-0.304878
-1.006592,0.210938,0.053955,0.853659,-0.365854,-0.243902
-1.006104,0.210205,0.053711,0.792683,-0.365854,-0.121951
-1.006836,0.208984,0.053467,0.731707,-0.365854,0.000000
-1.007568,0.208252,0.053467,0.731707,-0.365854,0.182927
-1.008301,0.208252,0.052734,0.670732,-0.426829,0.365854
-1.009521,0.209473,0.052246,0.609756,-0.548780,0.548780
-1.010010,0.210449,0.051514,0.609756,-0.609756,0.731707
-1.010498,0.213379,0.050049,0.609756,-0.731707,0.792683
-1.010986,0.215820,0.050049,0.609756,-0.853659,0.792683
-1.010742,0.217773,0.050537,0.670732,-0.975610,0.670732
-1.010254,0.219971,0.051514,0.670732,-1.158537,0.548780
-1.009766,0.221191,0.053223,0.792683,-1.219512,0.365854
-1.009033,0.221436,0.055176,0.853659,-1.219512,0.121951
-1.008545,0.220947,0.055908,0.853659,-1.219512,-0.121951
-1.008545,0.220215,0.056885,0.853659,-1.158537,-0.365854
-1.008301,0.218750,0.056641,0.914634,-1.036585,-0.548780
-1.008301,0.217285,0.056885,0.914634,-0.914634,-0.670732
-1.007812,0.215820,0.057373,0.853659,-0.792683,-0.792683
-1.007568,0.214355,0.057861,0.853659,-0.670732,-0.792683
-1.007080,0.213135,0.056885,0.792683,-0.609756,-0.792683
-1.007080,0.212402,0.056396,0.792683,-0.609756,-0.731707
-1.007324,0.211914,0.055420,0.792683,-0.548780,-0.609756
-1.007812,0.211426,0.054932,0.792683,-0.548780,-0.487805
-1.007812,0.211426,0.054199,0.792683,-0.609756,-0.304878
-1.008057,0.211670,0.053467,0.792683,-0.670732,-0.182927
-1.008301,0.211914,0.053467,0.792683,-0.731707,-0.121951
-1.008301,0.211670,0.053955,0.792683,-0.792683,0.000000
-1.008545,0.212402,0.053467,0.731707,-0.853659,0.000000
-1.008301,0.212891,0.054199,0.731707,-0.975610,0.000000
-1.009033,0.213135,0.054443,0.731707,-1.036585,0.060976
-1.009766,0.213867,0.053955,0.670732,-1.036585,0.060976
-1.009766,0.214355,0.053955,0.670732,-1.097561,0.060976
-1.010010,0.214844,0.054688,0.670732,-1.158537,0.000000
-1.009521,0.215088,0.055664,0.609756,-1.158537,0.000000
-1.009766,0.215332,0.056396,0.609756,-1.158537,-0.121951
-1.009521,0.215088,0.056885,0.609756,-1.158537,-0.182927
-1.009277,0.214844,0.057861,0.670732,-1.219512,-0.243902
-1.008301,0.214355,0.058594,0.670732,-1.219512,-0.304878
-1.008057,0.214111,0.058838,0.731707,-1.158537,-0.365854
-1.007812,0.214355,0.058838,0.731707,-1.158537,-0.426829
-1.007568,0.214355,0.059570,0.792683,-1.158537,-0.487805
-1.007812,0.213623,0.059326,0.792683,-1.158537,-0.487805
-1.008057,0.213135,0.059082,0.853659,-1.097561,-0.487805
-1.008057,0.213135,0.059326,0.853659,-1.036585,-0.426829
-1.007568,0.212891,0.059326,0.853659,-0.975610,-0.365854
-1.007812,0.213135,0.059570,0.853659,-0.914634,-0.304878
-1.008057,0.212891,0.060303,0.853659,-0.853659,-0.243902
-1.008545,0.212891,0.060791,0.853659,-0.792683,-0.182927
-1.009033,0.213623,0.060791,0.853659,-0.731707,-0.182927
-1.008789,0.214111,0.060303,0.853659,-0.670732,-0.121951
-1.008301,0.214111,0.059326,0.792683,-0.670732,-0.060976
-1.008301,0.214111,0.058838,0.792683,-0.670732,-0.060976
-1.008057,0.214111,0.058350,0.792683,-0.670732,-0.060976
-1.008301,0.213135,0.059570,0.792683,-0.670732,-0.121951
-1.009277,0.212402,0.058838,0.792683,-0.670732,-0.121951
-1.008789,0.212891,0.058105,0.792683,-0.670732,-0.182927
-1.009033,0.213623,0.058350,0.792683,-0.731707,-0.121951
-1.008301,0.213623,0.058350,0.792683,-0.792683,-0.060976
-1.008057,0.213623,0.058594,0.731707,-0.792683,-0.060976
-1.008057,0.213623,0.059814,0.731707,-0.853659,0.000000
-1.008057,0.213867,0.060059,0.731707,-0.792683,0.000000
-1.008057,0.213867,0.060791,0.792683,-0.792683,0.000000
-1.007812,0.214355,0.060791,0.792683,-0.731707,0.060976
-1.007812,0.214355,0.061035,0.792683,-0.670732,0.060976
-1.007812,0.215088,0.060791,0.792683,-0.670732,0.060976
-1.008301,0.214844,0.060547,0.853659,-0.609756,0.000000
-1.008545,0.215332,0.060791,0.914634,-0.548780,0.000000
-1.009033,0.215332,0.060059,0.914634,-0.548780,-0.060976
-1.009521,0.215820,0.059326,0.914634,-0.487805,-0.121951
-1.009033,0.215332,0.059570,0.975610,-0.487805,-0.243902
-1.009033,0.215332,0.059326,0.975610,-0.426829,-0.365854
-1.009033,0.215332,0.059326,0.975610,-0.426829,-0.426829
-1.008789,0.214844,0.058838,0.975610,-0.426829,-0.426829
-1.008789,0.213867,0.058838,0.975610,-0.426829,-0.487805
-1.008301,0.213135,0.059570,0.975610,-0.426829,-0.487805
-1.007812,0.212646,0.059814,1.036585,-0.426829,-0.487805
-1.008301,0.212158,0.059570,1.036585,-0.426829,-0.487805
-1.008545,0.212158,0.059326,0.975610,-0.365854,-0.426829
-1.008057,0.211670,0.059570,0.975610,-0.365854,-0.365854
-1.008057,0.211426,0.059326,0.975610,-0.365854,-0.304878
-1.008057,0.212158,0.059082,0.975610,-0.304878,-0.182927
-1.007812,0.212891,0.059326,0.975610,-0.304878,-0.121951
-1.007324,0.212891,0.059814,0.975610,-0.243902,-0.060976
-1.007568,0.213135,0.059570,0.975610,-0.243902,-0.060976
-1.007812,0.213623,0.059082,0.975610,-0.243902,0.000000
-1.007568,0.214355,0.058350,0.975610,-0.243902,0.000000
-1.007812,0.214600,0.058105,0.975610,-0.182927,0.000000
-1.008301,0.215332,0.058838,0.975610,-0.182927,-0.060976
-1.008301,0.215576,0.059082,0.914634,-0.182927,-0.060976
-1.008301,0.215332,0.059326,0.975610,-0.121951,-0.121951
-1.008057,0.215332,0.059570,0.975610,-0.121951,-0.182927
-1.007812,0.215088,0.059326,0.975610,-0.121951,-0.243902
-1.007568,0.214844,0.059082,0.975610,-0.121951,-0.243902
-1.008057,0.215332,0.058594,0.975610,-0.121951,-0.304878
-1.008301,0.215332,0.058594,1.036585,-0.182927,-0.365854
-1.008057,0.214600,0.058350,1.036585,-0.182927,-0.365854
-1.008057,0.213623,0.057617,1.036585,-0.182927,-0.365854
-1.008057,0.213379,0.057129,1.036585,-0.243902,-0.365854
-1.008545,0.213135,0.057861,1.036585,-0.243902,-0.365854
-1.008301,0.212646,0.058594,1.036585,-0.243902,-0.365854
-1.008301,0.212402,0.058350,1.036585,-0.243902,-0.365854
-1.008301,0.213623,0.058105,1.036585,-0.243902,-0.304878
-1.008301,0.213623,0.057861,1.036585,-0.182927,-0.304878
-1.007812,0.213623,0.058350,1.036585,-0.182927,-0.243902
-1.008301,0.213623,0.058594,0.975610,-0.121951,-0.182927
-1.009033,0.214111,0.058350,0.975610,-0.060976,-0.182927
-1.009277,0.214600,0.057617,0.975610,-0.060976,-0.121951
-1.009033,0.214600,0.057129,0.975610,0.000000,-0.121951
-1.008057,0.214111,0.056396,0.975610,0.000000,-0.121951
-1.007812,0.213379,0.056885,0.975610,0.060976,-0.121951
-1.007080,0.212891,0.057129,0.975610,0.060976,-0.121951
-1.007324,0.212891,0.057617,0.975610,0.121951,-0.182927
-1.008545,0.213379,0.056885,1.036585,0.182927,-0.182927
-1.008789,0.213379,0.056396,1.036585,0.182927,-0.182927
-1.008301,0.213379,0.056152,0.975610,0.182927,-0.121951
-1.007080,0.213379,0.055908,0.975610,0.182927,-0.060976
-1.006592,0.213623,0.056152,0.914634,0.121951,0.000000
-1.007568,0.213135,0.056396,0.914634,0.121951,0.000000
-1.008789,0.213135,0.056396,0.853659,0.060976,0.000000
-1.009033,0.213379,0.055664,0.853659,0.000000,0.000000
-1.009033,0.214111,0.055176,0.914634,0.000000,0.000000
-1.009033,0.214844,0.055420,0.914634,0.000000,0.000000
-1.008301,0.215332,0.055420,0.975610,0.000000,-0.060976
-1.008545,0.215576,0.056152,1.036585,0.000000,-0.121951
-1.008301,0.215820,0.056396,1.036585,0.000000,-0.182927
-1.008301,0.215576,0.055908,1.036585,0.000000,-0.243902
-1.008057,0.215820,0.055176,1.036585,0.000000,-0.365854
-1.007812,0.215820,0.055176,1.036585,0.000000,-0.426829
-1.007568,0.215332,0.055176,1.036585,0.000000,-0.487805
-1.007812,0.214355,0.055176,1.036585,0.000000,-0.487805
-1.008301,0.213867,0.055664,1.036585,0.000000,-0.487805
-1.008057,0.213379,0.055664,0.975610,0.000000,-0.487805
-1.008545,0.213135,0.055420,0.975610,0.000000,-0.426829
-1.008545,0.212402,0.055420,0.975610,0.060976,-0.365854
-1.008789,0.211914,0.054932,0.975610,0.060976,-0.304878
-1.008301,0.211914,0.055908,0.914634,0.060976,-0.182927
-1.008301,0.212402,0.055908,0.914634,0.060976,-0.121951
-1.008301,0.212891,0.055420,0.853659,0.000000,0.000000
-1.008057,0.213135,0.055176,0.853659,0.000000,0.000000
-1.008057,0.213623,0.055420,0.792683,-0.060976,0.060976
-1.008301,0.214355,0.054688,0.792683,-0.121951,0.060976
-1.008545,0.214355,0.053955,0.792683,-0.121951,0.060976
-1.009033,0.214600,0.054199,0.792683,-0.182927,0.060976
-1.009033,0.215332,0.054443,0.792683,-0.243902,0.000000
-1.009277,0.215332,0.054443,0.792683,-0.243902,0.000000
-1.009521,0.215332,0.054443,0.792683,-0.304878,0.000000
-1.009521,0.215088,0.054688,0.853659,-0.304878,-0.060976
-1.009277,0.214844,0.055420,0.853659,-0.365854,-0.121951
-1.008789,0.214600,0.055420,0.853659,-0.365854,-0.121951
-1.008545,0.214600,0.055176,0.853659,-0.426829,-0.182927
-1.008545,0.214111,0.056396,0.853659,-0.426829,-0.243902
-1.008301,0.214111,0.056396,0.853659,-0.487805,-0.243902
-1.008545,0.213623,0.056396,0.914634,-0.487805,-0.304878
-1.008789,0.213623,0.056641,0.914634,-0.487805,-0.304878
-1.008789,0.213623,0.056396,0.914634,-0.487805,-0.304878
-1.008301,0.213135,0.056396,0.914634,-0.487805,-0.304878
-1.008057,0.212891,0.055908,0.914634,-0.487805,-0.304878
-1.007568,0.212646,0.054688,0.914634,-0.487805,-0.304878
-1.007812,0.212646,0.053711,0.914634,-0.426829,-0.304878
-1.008301,0.212891,0.054199,0.914634,-0.426829,-0.243902
-1.007812,0.212646,0.054932,0.853659,-0.426829,-0.243902
-1.008057,0.213135,0.055176,0.853659,-0.426829,-0.243902
-1.009766,0.212891,0.055908,0.853659,-0.426829,-0.182927
-1.010010,0.213379,0.055420,0.853659,-0.426829,-0.182927
-1.010010,0.213135,0.055176,0.853659,-0.426829,-0.182927
-1.009766,0.213379,0.055176,0.914634,-0.426829,-0.243902
-1.008789,0.213379,0.056152,0.914634,-0.426829,-0.243902
-1.008057,0.213135,0.056641,0.914634,-0.426829,-0.304878
-1.008057,0.212646,0.057129,0.914634,-0.426829,-0.304878
-1.008301,0.212891,0.055908,0.914634,-0.426829,-0.304878
-1.008057,0.212646,0.055420,0.914634,-0.365854,-0.182927
-1.006836,0.212646,0.054688,0.853659,-0.365854,-0.121951
-1.006592,0.212402,0.055176,0.792683,-0.365854,0.000000
-1.007080,0.212646,0.054932,0.792683,-0.426829,0.000000
-1.007568,0.213623,0.055664,0.731707,-0.426829,0.060976
-1.007812,0.213867,0.055664,0.792683,-0.487805,0.121951
-1.008301,0.214355,0.054932,0.792683,-0.487805,0.121951
-1.008789,0.215088,0.054932,0.853659,-0.487805,0.060976
-1.008545,0.216309,0.055664,0.853659,-0.487805,0.000000
-1.008545,0.216797,0.055664,0.914634,-0.487805,0.000000
-1.008789,0.217041,0.055176,0.914634,-0.487805,-0.121951
-1.008545,0.216553,0.055176,0.975610,-0.487805,-0.243902
-1.008057,0.216309,0.055908,0.975610,-0.487805,-0.365854
-1.008301,0.215576,0.055420,0.975610,-0.487805,-0.487805
-1.008057,0.214844,0.054688,0.975610,-0.487805,-0.548780
-1.007568,0.213867,0.054443,0.975610,-0.487805,-0.609756
-1.007568,0.213135,0.054199,0.914634,-0.487805,-0.609756
-1.007324,0.212402,0.054688,0.914634,-0.487805,-0.609756
-1.007812,0.212158,0.054932,0.914634,-0.487805,-0.548780
-1.008789,0.212158,0.055664,0.914634,-0.487805,-0.548780
-1.009277,0.212158,0.055908,0.914634,-0.487805,-0.487805
-1.008789,0.211426,0.056396,0.914634,-0.487805,-0.365854
-1.008789,0.210938,0.056396,0.914634,-0.426829,-0.304878
-1.008057,0.210938,0.056396,0.914634,-0.426829,-0.182927
-1.007568,0.210693,0.056396,0.853659,-0.426829,-0.060976
-1.007324,0.211426,0.056396,0.853659,-0.365854,0.000000
-1.007568,0.211914,0.056396,0.792683,-0.365854,0.000000
-1.007568,0.212402,0.055908,0.792683,-0.365854,0.060976
