-0.126709,-0.733887,-0.387207,30.243902,-18.292683,7.439024
-0.106201,-0.744141,-0.373535,20.304878,-21.158537,5.914634
-0.090088,-0.771484,-0.373291,11.158537,-22.804878,5.243902
-0.079590,-0.809814,-0.378418,4.329268,-23.963415,5.487805
-0.071045,-0.850098,-0.383789,0.487805,-25.121951,6.280488
-0.065674,-0.885742,-0.385498,-0.426829,-26.036585,7.500000
-0.065430,-0.911621,-0.383789,0.914634,-26.219512,8.597561
-0.071289,-0.921875,-0.379150,3.902439,-25.914634,9.512195
-0.082031,-0.915039,-0.370361,7.560976,-25.121951,10.000000
-0.098389,-0.893066,-0.355713,11.097561,-23.963415,10.000000
-0.118408,-0.862061,-0.335693,13.414634,-22.621951,9.512195
-0.137451,-0.829346,-0.313965,13.963415,-21.280488,8.597561
-0.149902,-0.803711,-0.292969,12.804878,-20.060976,7.256098
-0.155029,-0.788574,-0.274658,10.426829,-18.719512,5.609756
-0.154541,-0.785889,-0.257812,7.378049,-17.317073,3.780488
-0.147705,-0.796387,-0.245361,3.963415,-16.097561,1.890244
-0.135254,-0.819336,-0.237793,0.487805,-15.121951,-0.121951
-0.121094,-0.852295,-0.235352,-2.378049,-14.085366,-2.073171
-0.109863,-0.890625,-0.236572,-3.902439,-12.804878,-3.963415
-0.105713,-0.928955,-0.239746,-3.170732,-11.402439,-5.548780
-0.108398,-0.960938,-0.240479,0.000000,-10.243902,-6.524390
-0.115234,-0.982666,-0.237793,5.060976,-9.512195,-6.890244
-0.121338,-0.990967,-0.232666,11.036585,-8.536585,-6.951220
-0.130371,-0.981689,-0.228027,16.951220,-6.829268,-7.134146
-0.147949,-0.956299,-0.224854,21.585366,-4.451220,-7.804878
-0.176270,-0.922119,-0.220215,23.475610,-3.109756,-9.268293
-0.212646,-0.896484,-0.209717,21.280488,-3.841463,-10.792683
-0.247314,-0.900635,-0.192383,15.121951,-5.670732,-10.975610
-0.264893,-0.948486,-0.171631,6.951220,-6.463415,-9.024390
-0.248779,-1.038086,-0.158691,-0.426829,-5.304878,-5.304878
-0.189941,-1.149902,-0.169678,-4.756098,-3.231707,-0.975610
-0.101074,-1.250000,-0.210693,-4.939024,-1.829268,2.682927
-0.006104,-1.305420,-0.272461,-1.219512,-2.195122,5.060976
0.069824,-1.302002,-0.335205,5.365854,-4.695122,6.219512
0.099121,-1.250244,-0.384766,13.353659,-8.231707,7.378049
0.060059,-1.178711,-0.420654,19.939024,-10.914634,9.939024
-0.034668,-1.105713,-0.452393,22.073171,-11.280488,14.451220
-0.153076,-1.041748,-0.494629,17.012195,-8.658537,20.731707
-0.269775,-1.002930,-0.556885,4.512195,-3.475610,27.317073
-0.354736,-1.001709,-0.629883,-11.219512,0.914634,32.195122
-0.376953,-1.037109,-0.700195,-24.939024,0.670732,35.000000
-0.336914,-1.086426,-0.762939,-32.378049,-4.817073,36.280488
-0.243408,-1.123047,-0.808594,-29.634146,-12.317073,36.036585
-0.124268,-1.117920,-0.825928,-15.365854,-17.073171,34.451220
-0.005127,-1.077393,-0.807861,6.219512,-16.707317,32.012195
0.082520,-1.017334,-0.758057,28.658537,-10.914634,29.451220
0.116455,-0.950195,-0.683105,46.890244,-0.914634,26.951220
0.091797,-0.882080,-0.594482,57.804878,11.280488,24.573171
0.022949,-0.818848,-0.507324,60.304878,23.597561,22.134146
-0.070557,-0.768311,-0.434814,54.939024,33.841463,19.634146
-0.173828,-0.740234,-0.386230,43.353659,40.975610,17.195122
-0.272705,-0.738525,-0.363525,27.987805,45.060976,14.634146
-0.352295,-0.757812,-0.363770,11.646341,46.280488,11.463415
-0.400635,-0.788574,-0.387695,-2.500000,44.634146,7.195122
-0.405273,-0.821777,-0.427734,-11.829268,40.000000,1.951220
-0.368164,-0.850342,-0.471191,-14.878049,32.987805,-3.658537
-0.301025,-0.865967,-0.504883,-12.560976,24.695122,-9.268293
-0.220703,-0.865967,-0.518799,-6.585366,16.280488,-14.390244
-0.140869,-0.852783,-0.515869,0.975610,8.841463,-18.536585
-0.075928,-0.830811,-0.492432,8.841463,3.536585,-20.975610
-0.038818,-0.804932,-0.449219,15.060976,1.036585,-21.585366
-0.033691,-0.781250,-0.399170,17.865854,0.914634,-20.914634
-0.052490,-0.766113,-0.355225,16.768293,1.951220,-19.634146
-0.080566,-0.764160,-0.325195,12.256098,2.439024,-18.353659
-0.094971,-0.775635,-0.315674,5.609756,1.524390,-17.621951
-0.089111,-0.796631,-0.322510,-1.463415,-0.121951,-17.500000
-0.063721,-0.823486,-0.338135,-7.682927,-1.768293,-17.682927
-0.032227,-0.850342,-0.356445,-11.890244,-2.682927,-17.804878
-0.008301,-0.871094,-0.371582,-13.475610,-2.987805,-17.621951
0.003906,-0.881348,-0.379395,-12.439024,-3.292683,-16.890244
0.005371,-0.880371,-0.376953,-8.963415,-3.780488,-15.426829
0.000000,-0.869141,-0.363037,-4.146341,-4.146341,-13.109756
-0.005859,-0.852295,-0.338623,0.243902,-4.390244,-10.365854
-0.010254,-0.834961,-0.310059,2.682927,-4.695122,-7.500000
-0.013428,-0.822754,-0.280762,2.560976,-5.487805,-4.756098
-0.015381,-0.821045,-0.255371,0.060976,-6.951220,-2.439024
-0.018799,-0.831543,-0.237061,-3.963415,-8.841463,-0.548780
-0.026611,-0.853027,-0.228760,-8.841463,-10.670732,0.975610
-0.038330,-0.883057,-0.229736,-13.597561,-11.890244,2.256098
-0.047852,-0.920654,-0.236328,-16.890244,-12.439024,3.170732
-0.049805,-0.961426,-0.245850,-18.109756,-12.012195,3.780488
-0.042480,-1.002441,-0.254883,-17.012195,-10.670732,3.780488
-0.027100,-1.036377,-0.262939,-13.841463,-8.475610,3.048780
-0.009521,-1.057861,-0.267090,-9.207317,-6.036585,2.012195
0.004395,-1.065430,-0.266113,-4.024390,-3.902439,0.670732
0.011719,-1.058594,-0.257568,1.219512,-2.743902,-0.487805
0.014404,-1.040527,-0.242432,6.219512,-2.560976,-1.280488
0.016846,-1.018799,-0.222412,10.365854,-2.500000,-1.280488
0.021484,-0.999756,-0.201172,12.865854,-1.951220,-0.914634
0.027588,-0.992188,-0.180176,13.414634,-0.792683,-0.731707
0.030029,-1.002930,-0.161865,11.890244,0.304878,-1.402439
0.022705,-1.031494,-0.154053,8.963415,0.670732,-3.231707
0.002197,-1.071289,-0.164551,5.365854,0.000000,-5.670732
-0.020264,-1.109863,-0.196533,1.768293,-1.036585,-8.292683
-0.034180,-1.133545,-0.258057,-2.317073,-0.426829,-10.914634
-0.043457,-1.143555,-0.348145,-8.170732,3.414634,-14.451220
-0.052246,-1.148193,-0.459473,-16.829268,8.536585,-19.695122
-0.057373,-1.156494,-0.580078,-27.804878,12.439024,-25.975610
-0.054199,-1.176758,-0.689697,-38.353659,15.426829,-31.768293
-0.056152,-1.202881,-0.774902,-44.634146,19.756098,-36.097561
-0.074951,-1.219971,-0.837158,-44.451220,25.975610,-39.146341
-0.111328,-1.214355,-0.877441,-36.707317,31.219512,-41.158537
-0.159424,-1.180664,-0.888428,-21.585366,32.378049,-42.195122
-0.218262,-1.116699,-0.869385,-1.158537,28.475610,-41.890244
-0.270996,-1.029053,-0.823730,21.158537,20.060976,-39.756098
-0.296631,-0.928711,-0.753418,42.560976,8.109756,-35.853659
-0.279785,-0.826416,-0.660889,59.878049,-5.426829,-30.731707
-0.218018,-0.732178,-0.552979,69.268293,-18.658537,-24.817073
-0.119873,-0.657959,-0.447998,67.560976,-29.390244,-18.719512
0.000244,-0.614502,-0.363770,53.841463,-35.304878,-13.048780
0.122803,-0.610107,-0.324219,29.939024,-35.182927,-8.109756
0.222900,-0.650391,-0.336670,1.158537,-29.695122,-4.085366
0.286377,-0.732666,-0.395020,-25.304878,-21.402439,-1.036585
0.300781,-0.843750,-0.476318,-43.536585,-13.170732,1.585366
0.263916,-0.958252,-0.561523,-49.634146,-6.707317,5.000000
0.174805,-1.048828,-0.620361,-42.439024,-1.890244,9.939024
0.064453,-1.086670,-0.645996,-24.573171,1.341463,15.243902
-0.049805,-1.062256,-0.632568,-1.158537,3.963415,19.939024
-0.142578,-0.986572,-0.590088,22.012195,5.487805,23.231707
-0.200684,-0.878906,-0.528320,40.792683,5.670732,24.634146
-0.223877,-0.761719,-0.453857,52.317073,4.024390,24.512195
-0.218750,-0.657227,-0.371094,54.512195,0.000000,23.231707
-0.188477,-0.584229,-0.297852,46.463415,-5.487805,21.158537
-0.139893,-0.559082,-0.253662,29.451220,-9.939024,19.085366
-0.095215,-0.584961,-0.243164,7.804878,-10.914634,17.621951
-0.076904,-0.651611,-0.260254,-13.048780,-8.292683,16.890244
-0.080811,-0.739502,-0.297119,-29.390244,-4.024390,16.341463
-0.090820,-0.829102,-0.347168,-38.597561,-0.548780,15.731707
-0.097900,-0.903809,-0.395996,-39.390244,1.097561,15.243902
-0.096924,-0.953369,-0.425781,-32.804878,1.524390,14.939024
-0.090332,-0.972656,-0.427979,-21.524390,1.463415,14.634146
-0.084473,-0.963623,-0.404541,-9.024390,1.646341,14.390244
-0.082764,-0.936279,-0.359863,1.646341,2.134146,13.658537
-0.084961,-0.898438,-0.311768,8.414634,3.170732,12.256098
-0.087402,-0.859131,-0.267578,11.219512,4.329268,10.731707
-0.085449,-0.825928,-0.232422,10.792683,5.243902,8.841463
-0.078369,-0.805420,-0.210938,7.500000,6.036585,6.829268
-0.071289,-0.800293,-0.199951,2.500000,7.195122,5.060976
-0.064697,-0.808105,-0.196533,-2.987805,8.597561,3.292683
-0.057617,-0.825928,-0.199219,-8.170732,10.000000,1.829268
-0.047607,-0.851807,-0.204102,-12.256098,11.341463,0.731707
-0.037842,-0.885254,-0.207764,-15.121951,12.621951,0.060976
-0.032227,-0.925049,-0.212891,-16.707317,14.085366,-0.365854
-0.035889,-0.968994,-0.221436,-16.646341,15.731707,-0.792683
-0.051514,-1.009277,-0.235352,-14.390244,17.012195,-1.158537
-0.075439,-1.036377,-0.254395,-10.121951,17.195122,-1.280488
-0.106934,-1.044189,-0.274902,-4.939024,15.914634,-1.219512
-0.145264,-1.032959,-0.293457,-0.243902,13.902439,-1.219512
-0.185791,-1.011475,-0.298096,3.292683,11.951220,-1.585366
-0.218018,-0.995117,-0.278564,5.487805,10.182927,-2.073171
-0.231934,-0.998047,-0.237549,5.731707,9.268293,-1.829268
-0.218994,-1.027832,-0.195801,3.963415,9.695122,-0.548780
-0.175781,-1.084717,-0.172119,0.853659,10.670732,1.402439
-0.107910,-1.154297,-0.176270,-1.890244,10.853659,3.719512
-0.032227,-1.216797,-0.206543,-3.353659,8.902439,6.097561
0.037109,-1.255615,-0.256104,-2.682927,4.756098,8.780488
0.091797,-1.262695,-0.312988,0.243902,-0.487805,12.073171
0.117432,-1.237549,-0.370850,5.000000,-4.268293,15.853659
0.088867,-1.188965,-0.425293,9.451220,-4.390244,19.390244
-0.004150,-1.136719,-0.479004,10.853659,-1.585366,22.560976
-0.146729,-1.097656,-0.530273,7.012195,1.219512,25.914634
-0.294189,-1.069336,-0.579834,-2.378049,0.304878,30.670732
-0.398438,-1.051758,-0.637695,-15.182927,-6.097561,37.621951
-0.430664,-1.058838,-0.706055,-26.890244,-16.402439,45.670732
-0.392822,-1.077393,-0.781006,-32.560976,-26.951220,52.073171
-0.298340,-1.071045,-0.835449,-28.231707,-34.024390,53.780488
-0.167969,-1.027588,-0.847412,-14.390244,-35.243902,49.390244
-0.041016,-0.965332,-0.822998,3.170732,-29.878049,40.365854
0.035645,-0.903564,-0.772705,19.268293,-18.963415,28.841463
0.046143,-0.853027,-0.702393,31.097561,-5.853659,17.560976
-0.000732,-0.814697,-0.615234,38.048780,6.280488,8.963415
-0.086426,-0.786621,-0.518311,39.634146,15.853659,4.207317
-0.188232,-0.766113,-0.430420,35.365854,21.890244,2.987805
-0.288086,-0.752686,-0.370117,26.585366,24.634146,4.573171
-0.368164,-0.745850,-0.343994,15.670732,24.573171,6.585366
-0.418457,-0.744385,-0.350830,4.817073,22.439024,6.890244
-0.427002,-0.748291,-0.382080,-4.695122,18.231707,4.207317
-0.387451,-0.758789,-0.426758,-12.256098,12.073171,-1.707317
-0.308838,-0.776123,-0.469971,-17.378049,5.304878,-9.634146
-0.221191,-0.799561,-0.502197,-19.512195,-0.304878,-17.195122
-0.147949,-0.823242,-0.519043,-18.353659,-4.085366,-22.865854
-0.099854,-0.841309,-0.514404,-14.085366,-6.036585,-25.914634
-0.075195,-0.848633,-0.490967,-7.743902,-6.707317,-26.524390
-0.073242,-0.845459,-0.456299,-1.402439,-6.890244,-25.426829
-0.084229,-0.835449,-0.420166,3.109756,-7.256098,-23.658537
-0.097412,-0.827393,-0.389404,4.695122,-8.109756,-22.195122
-0.099365,-0.826904,-0.372070,2.926829,-9.634146,-21.463415
-0.083008,-0.838135,-0.368164,-0.975610,-11.280488,-21.463415
-0.051758,-0.856934,-0.371826,-5.243902,-12.378049,-21.951220
-0.019531,-0.877441,-0.376221,-7.743902,-12.256098,-22.682927
0.004883,-0.892090,-0.373779,-7.682927,-11.280488,-23.109756
0.023193,-0.896240,-0.364258,-5.182927,-10.000000,-22.560976
0.034912,-0.889648,-0.347412,-1.463415,-8.353659,-20.914634
0.039307,-0.872803,-0.327148,2.012195,-6.585366,-18.231707
0.037598,-0.848877,-0.307861,4.451220,-5.060976,-14.878049
0.031738,-0.821533,-0.290283,5.243902,-4.329268,-11.463415
0.023193,-0.799072,-0.276855,3.841463,-4.512195,-8.353659
0.010742,-0.789551,-0.268555,0.060976,-5.670732,-5.670732
-0.005615,-0.798584,-0.262939,-5.243902,-7.439024,-3.536585
-0.024170,-0.825684,-0.261475,-10.914634,-9.634146,-1.951220
-0.041992,-0.867188,-0.266357,-15.853659,-11.768293,-0.853659
-0.057617,-0.917236,-0.276123,-19.024390,-13.475610,-0.243902
-0.068115,-0.968018,-0.287842,-19.634146,-14.573171,-0.060976
-0.069824,-1.014160,-0.296875,-17.682927,-15.304878,-0.243902
-0.060303,-1.048584,-0.302490,-13.536585,-16.036585,-0.670732
-0.043701,-1.065430,-0.302734,-7.743902,-16.646341,-1.280488
-0.019287,-1.062988,-0.301270,-1.219512,-17.134146,-1.951220
0.008789,-1.041992,-0.296631,5.000000,-17.073171,-2.256098
0.038574,-1.007080,-0.289551,10.121951,-16.158537,-2.256098
0.067871,-0.968262,-0.279053,13.353659,-14.207317,-2.073171
0.090820,-0.938477,-0.263184,14.329268,-11.829268,-1.829268
0.104736,-0.934326,-0.236572,12.987805,-10.060976,-1.951220
0.103271,-0.967285,-0.203857,9.451220,-9.329268,-2.865854
0.077148,-1.037109,-0.175049,5.000000,-9.085366,-4.695122
0.020264,-1.124512,-0.161621,2.134146,-8.902439,-7.195122
-0.058838,-1.199463,-0.166992,3.414634,-9.207317,-9.573171
-0.143311,-1.232666,-0.190430,9.146341,-10.792683,-11.463415
-0.208740,-1.212646,-0.232178,17.073171,-14.207317,-12.804878
-0.234131,-1.149658,-0.301758,23.658537,-18.597561,-13.719512
-0.214111,-1.069092,-0.400635,25.487805,-22.195122,-15.182927
-0.145752,-0.995605,-0.507568,18.780488,-24.329268,-18.353659
-0.042480,-0.947021,-0.608398,0.182927,-23.536585,-24.451220
0.066162,-0.948242,-0.702881,-28.048780,-15.548780,-33.963415
0.135498,-1.002441,-0.801270,-55.792683,2.073171,-44.085366
0.131104,-1.087891,-0.896484,-72.439024,26.463415,-51.524390
0.045898,-1.172852,-0.974365,-73.719512,49.390244,-54.939024
-0.094238,-1.225342,-1.023438,-59.756098,62.012195,-54.573171
-0.248047,-1.226807,-1.027588,-33.170732,61.097561,-50.243902
-0.371338,-1.175537,-0.980957,0.914634,48.841463,-42.926829
-0.430908,-1.076904,-0.885010,36.341463,30.243902,-34.451220
-0.419922,-0.943848,-0.752197,66.585366,10.304878,-26.280488
-0.349365,-0.799072,-0.604004,85.548780,-7.560976,-19.512195
-0.235840,-0.669678,-0.458984,88.841463,-22.378049,-14.268293
-0.096680,-0.577637,-0.341064,74.939024,-33.109756,-10.182927
0.038086,-0.537109,-0.278564,46.890244,-38.597561,-7.012195
0.147705,-0.551514,-0.279053,12.012195,-38.719512,-4.451220
0.218262,-0.610840,-0.337158,-20.975610,-34.268293,-2.256098
0.242188,-0.700684,-0.431152,-45.182927,-26.341463,0.487805
0.216553,-0.801025,-0.530029,-56.402439,-16.463415,4.390244
0.149902,-0.892334,-0.606445,-54.451220,-6.402439,9.329268
0.057129,-0.959229,-0.643555,-41.585366,2.439024,14.695122
-0.040771,-0.990234,-0.634766,-21.524390,9.024390,19.512195
-0.125244,-0.980957,-0.592041,0.975610,12.317073,23.048780
-0.182129,-0.935059,-0.531006,21.646341,12.195122,24.268293
-0.215088,-0.867188,-0.458740,36.707317,9.634146,23.475610
-0.217285,-0.790527,-0.387451,43.719512,6.097561,20.914634
-0.197754,-0.724854,-0.331787,41.524390,2.987805,17.743902
-0.169922,-0.687988,-0.299561,31.524390,1.036585,14.573171
-0.147949,-0.688721,-0.290771,17.256098,0.304878,11.829268
-0.136719,-0.721436,-0.296631,3.292683,0.243902,9.695122
-0.136719,-0.770996,-0.306641,-7.256098,0.060976,8.170732
-0.143799,-0.822266,-0.318604,-13.048780,-0.609756,7.378049
-0.152832,-0.863770,-0.329102,-14.146341,-1.524390,7.134146
-0.159180,-0.889404,-0.331787,-11.463415,-2.195122,6.951220
-0.159180,-0.898438,-0.326172,-6.524390,-2.865854,6.402439
-0.154541,-0.895752,-0.310059,-0.975610,-3.902439,5.243902
-0.144531,-0.885498,-0.288086,3.414634,-5.243902,3.231707
-0.133057,-0.871094,-0.263428,6.219512,-6.219512,1.036585
-0.123535,-0.855225,-0.238037,7.195122,-6.341463,-1.036585
-0.115234,-0.841309,-0.217529,6.158537,-5.487805,-2.987805
-0.107666,-0.833008,-0.203857,3.414634,-3.963415,-4.451220
-0.099609,-0.830322,-0.199463,-0.304878,-2.073171,-5.487805
-0.086426,-0.832031,-0.201904,-4.207317,-0.182927,-5.975610
-0.070801,-0.836914,-0.207520,-7.378049,1.829268,-6.097561
-0.055908,-0.844727,-0.211182,-9.817073,4.085366,-5.975610
-0.046143,-0.859131,-0.211182,-11.768293,6.463415,-5.792683
-0.042969,-0.883301,-0.210693,-13.902439,8.658537,-5.609756
-0.046387,-0.918457,-0.212402,-16.036585,10.548780,-5.548780
-0.055664,-0.962646,-0.219238,-17.743902,12.073171,-5.365854
-0.071289,-1.010010,-0.231201,-18.048780,13.353659,-4.878049
-0.093994,-1.052490,-0.243896,-16.219512,14.634146,-4.329268
-0.123535,-1.081299,-0.258057,-12.500000,15.304878,-4.146341
-0.157471,-1.089111,-0.274414,-7.743902,14.573171,-4.451220
-0.188965,-1.081055,-0.285156,-2.987805,11.890244,-5.182927
-0.211914,-1.070801,-0.279053,0.792683,8.475610,-5.548780
-0.222412,-1.075439,-0.250732,2.987805,6.036585,-5.060976
-0.208252,-1.111084,-0.207764,3.353659,5.609756,-3.475610
-0.162842,-1.177002,-0.171143,2.500000,6.341463,-0.731707
-0.088867,-1.255615,-0.162109,2.134146,6.768293,2.560976
-0.002686,-1.314209,-0.187256,4.024390,6.219512,5.609756
0.064209,-1.323242,-0.236572,8.231707,5.426829,7.926829
0.086670,-1.277832,-0.290527,12.682927,5.000000,9.939024
0.060791,-1.199463,-0.343018,15.426829,5.000000,12.682927
-0.017334,-1.113037,-0.398926,15.914634,6.158537,16.402439
-0.149170,-1.039307,-0.466797,12.987805,8.109756,20.304878
-0.308838,-0.987549,-0.546875,5.243902,8.292683,23.719512
-0.457764,-0.964844,-0.632080,-6.890244,3.719512,26.524390
-0.560791,-0.975830,-0.715088,-20.609756,-6.646341,28.658537
-0.590576,-1.012939,-0.792725,-31.158537,-22.195122,29.817073
-0.532471,-1.058594,-0.859375,-34.451220,-39.573171,29.878049
-0.403076,-1.093750,-0.908203,-28.963415,-54.146341,28.719512
-0.235596,-1.100098,-0.927979,-15.182927,-62.621951,26.280488
-0.063477,-1.067383,-0.910645,4.329268,-64.634146,22.317073
0.075684,-1.002930,-0.855469,25.304878,-61.097561,17.073171
0.156738,-0.920166,-0.765137,43.170732,-53.353659,11.707317
0.172852,-0.833008,-0.650635,54.512195,-42.378049,7.500000
0.129150,-0.756592,-0.529541,57.256098,-28.963415,4.878049
0.038086,-0.700928,-0.427490,51.524390,-14.878049,3.231707
-0.078613,-0.672852,-0.362549,39.024390,-2.134146,1.463415
-0.200684,-0.670410,-0.336182,22.865854,7.317073,-1.097561
-0.309814,-0.686279,-0.340088,6.280488,12.195122,-5.000000
-0.389893,-0.709717,-0.367676,-7.743902,11.646341,-10.060976
-0.429688,-0.730469,-0.408447,-17.378049,6.158537,-15.548780
-0.423584,-0.742432,-0.447021,-21.707317,-2.926829,-20.914634
-0.382080,-0.743896,-0.471680,-21.402439,-14.817073,-25.487805
-0.320557,-0.739990,-0.479004,-19.268293,-27.378049,-29.451220
-0.245361,-0.737305,-0.478760,-17.012195,-38.719512,-32.743902
-0.166260,-0.741211,-0.469971,-14.817073,-46.890244,-35.000000
-0.092285,-0.752686,-0.455078,-12.926829,-50.792683,-36.463415
-0.033936,-0.770264,-0.436279,-12.134146,-50.914634,-37.317073
0.001709,-0.790039,-0.416748,-12.926829,-48.963415,-37.500000
0.019043,-0.807861,-0.401611,-15.121951,-46.768293,-37.256098
0.030029,-0.821777,-0.389160,-17.682927,-44.817073,-36.646341
0.041992,-0.828857,-0.380371,-19.573171,-42.439024,-35.975610
0.055176,-0.828613,-0.377686,-20.609756,-38.536585,-35.121951
0.065430,-0.824707,-0.382080,-20.975610,-33.170732,-34.085366
0.076172,-0.821045,-0.391602,-20.914634,-27.500000,-32.682927
0.086914,-0.822266,-0.402344,-20.670732,-22.500000,-30.853659
0.091553,-0.830811,-0.405273,-20.548780,-18.536585,-28.597561
0.084717,-0.847656,-0.398193,-20.731707,-16.097561,-25.731707
0.068115,-0.869141,-0.382812,-21.158537,-15.182927,-22.500000
0.048096,-0.888916,-0.366455,-21.829268,-15.365854,-19.451220
0.028076,-0.904541,-0.355957,-22.621951,-15.487805,-16.829268
0.008789,-0.916260,-0.351562,-23.475610,-14.939024,-14.573171
-0.008789,-0.927246,-0.351074,-24.634146,-13.902439,-12.743902
-0.022217,-0.941895,-0.353027,-26.219512,-12.987805,-11.341463
-0.029541,-0.959473,-0.354492,-27.560976,-12.500000,-10.365854
-0.030029,-0.975342,-0.356201,-27.926829,-12.256098,-9.634146
-0.027832,-0.983887,-0.356689,-26.768293,-12.012195,-8.902439
-0.023926,-0.982422,-0.351074,-24.512195,-11.829268,-8.109756
-0.020020,-0.973145,-0.342285,-22.073171,-11.646341,-7.256098
-0.019287,-0.962402,-0.333984,-20.548780,-11.707317,-6.463415
-0.021973,-0.955566,-0.328613,-20.304878,-12.012195,-6.036585
-0.026611,-0.954346,-0.326904,-20.914634,-12.621951,-5.975610
-0.033447,-0.956055,-0.327881,-21.524390,-13.597561,-6.219512
-0.042236,-0.959473,-0.323486,-21.463415,-15.000000,-6.463415
-0.048584,-0.965332,-0.311279,-20.914634,-16.585366,-6.585366
-0.051025,-0.978516,-0.293701,-20.365854,-18.048780,-6.524390
-0.048340,-0.999756,-0.272949,-20.365854,-18.963415,-6.707317
-0.043213,-1.026123,-0.249512,-20.792683,-19.268293,-7.500000
-0.040771,-1.046387,-0.227051,-21.036585,-19.085366,-8.780488
-0.047363,-1.050781,-0.206055,-20.304878,-18.536585,-10.304878
-0.065674,-1.033447,-0.191895,-18.658537,-18.109756,-11.829268
-0.087646,-0.993896,-0.191406,-16.524390,-18.414634,-12.865854
-0.106934,-0.936523,-0.213867,-14.695122,-19.939024,-13.109756
-0.099609,-0.866699,-0.279053,-14.329268,-22.378049,-12.621951
-0.048584,-0.791260,-0.375977,-16.036585,-24.939024,-11.707317
0.024658,-0.710205,-0.453613,-21.219512,-26.646341,-12.256098
0.091309,-0.639160,-0.500244,-33.719512,-27.987805,-15.792683
0.118164,-0.616211,-0.532227,-53.414634,-28.231707,-21.280488
0.076416,-0.665283,-0.546387,-72.134146,-25.000000,-25.670732
-0.035400,-0.768799,-0.536377,-80.975610,-17.743902,-27.012195
-0.204834,-0.913330,-0.503906,-76.036585,-8.841463,-26.036585
-0.368896,-1.015137,-0.482422,-57.256098,-3.353659,-24.573171
-0.473389,-0.976318,-0.457520,-27.500000,-4.573171,-22.195122
-0.517334,-0.836914,-0.418945,2.926829,-13.048780,-18.841463
-0.491943,-0.656494,-0.378418,24.451220,-28.780488,-15.243902
-0.398926,-0.474609,-0.343750,33.719512,-49.817073,-11.951220
-0.251465,-0.321289,-0.314941,29.939024,-72.195122,-9.634146
-0.083496,-0.220459,-0.291992,13.353659,-91.280488,-8.536585
0.054932,-0.189209,-0.282227,-13.231707,-104.268293,-8.353659
0.127686,-0.226074,-0.299316,-43.536585,-111.707317,-8.292683
0.124756,-0.312744,-0.342041,-68.109756,-115.000000,-7.804878
0.057129,-0.416992,-0.391602,-78.963415,-115.060976,-6.280488
-0.051514,-0.496582,-0.428223,-73.963415,-112.682927,-3.292683
-0.159424,-0.515625,-0.450195,-58.231707,-109.939024,0.304878
-0.220459,-0.466553,-0.462891,-40.121951,-108.841463,2.987805
-0.216309,-0.374268,-0.467285,-26.890244,-109.878049,2.926829
-0.163330,-0.274414,-0.468506,-23.170732,-111.951220,0.000000
-0.091309,-0.200928,-0.474121,-29.878049,-113.231707,-4.329268
-0.029785,-0.171631,-0.484619,-43.780488,-111.646341,-7.865854
0.001221,-0.187012,-0.505371,-59.817073,-105.792683,-8.780488
-0.003662,-0.238525,-0.532959,-73.109756,-96.036585,-7.073171
-0.026611,-0.314453,-0.563477,-81.097561,-84.390244,-4.268293
-0.050537,-0.402100,-0.603271,-84.390244,-73.963415,-2.378049
-0.069824,-0.481201,-0.651611,-84.817073,-67.317073,-2.804878
-0.078369,-0.527100,-0.712891,-84.268293,-65.243902,-5.243902
-0.077393,-0.523438,-0.785645,-82.256098,-66.036585,-7.439024
-0.082520,-0.473633,-0.836670,-78.048780,-65.060976,-7.682927
-0.107666,-0.391602,-0.849121,-73.353659,-60.365854,-5.731707
-0.162109,-0.292725,-0.838867,-71.707317,-53.963415,-2.500000
-0.235840,-0.209229,-0.782715,-76.402439,-50.914634,0.365854
-0.306396,-0.163086,-0.695312,-88.231707,-56.768293,2.378049
-0.354248,-0.147949,-0.633057,-105.853659,-70.792683,3.231707
-0.353027,-0.165771,-0.622559,-127.439024,-87.865854,3.719512
-0.311768,-0.299072,-0.722656,-151.280488,-100.548780,5.975610
-0.204346,-0.339844,-0.825195,-166.280488,-105.365854,12.317073
-0.101074,-0.367188,-0.859863,-163.536585,-101.463415,18.536585
-0.035889,-0.338379,-0.836182,-150.609756,-92.439024,23.597561
-0.046875,-0.437500,-0.769287,-144.573171,-81.890244,28.841463
-0.081787,-0.470215,-0.702393,-158.963415,-74.390244,46.219512
-0.156494,-0.493164,-0.646240,-185.060976,-71.890244,75.000000
-0.224609,-0.537354,-0.563965,-210.365854,-71.524390,103.536585
-0.253418,-0.593750,-0.436035,-222.256098,-67.926829,123.475610
-0.229004,-0.632568,-0.285889,-217.012195,-62.317073,130.304878
-0.149414,-0.661133,-0.115723,-202.256098,-56.219512,127.378049
-0.038818,-0.676514,0.076416,-187.865854,-46.707317,119.573171
0.066406,-0.654053,0.234863,-183.048780,-32.317073,112.560976
0.110107,-0.572510,0.251221,-204.024390,-15.304878,113.719512
0.074219,-0.469238,0.065430,-267.926829,-0.853659,121.341463
-0.036133,-0.414795,-0.547852,-356.585366,7.743902,118.902439
-0.253418,-0.428467,-1.497803,-396.341463,12.317073,91.951220
-0.585449,-0.441162,-2.281006,-326.951220,7.134146,41.768293
-0.898438,-0.343262,-2.534424,-182.439024,-22.012195,-16.463415
-1.176025,-0.164551,-2.430908,-71.219512,-80.000000,-40.609756
-1.500000,0.044189,-2.344727,-36.219512,-145.670732,-16.829268
-1.805664,0.278809,-2.200684,-34.634146,-184.268293,17.439024
-2.059326,0.382080,-1.681152,-15.060976,-186.280488,39.817073
-2.034180,0.759521,-0.890137,37.926829,-203.963415,46.707317
-1.603271,1.103516,-0.508057,41.341463,-240.975610,30.182927
-1.012939,1.028809,-0.668213,-19.207317,-256.158537,-4.024390
-0.806641,0.873779,-1.134766,-77.195122,-252.682927,-27.134146
-1.300537,1.014404,-1.540039,-101.890244,-244.756098,-25.182927
-1.992920,1.642822,-1.514160,-84.512195,-227.317073,-3.719512
-2.310547,2.070557,-1.604980,-50.243902,-181.097561,11.524390
-2.287842,1.988037,-1.945557,-31.463415,-119.634146,7.500000
-2.125244,1.546143,-2.079102,-41.646341,-85.975610,-5.548780
-1.884277,1.052979,-1.938477,-65.365854,-84.207317,-8.536585
-1.606934,0.765137,-1.636963,-91.402439,-100.670732,5.975610
-1.319580,0.569824,-1.269775,-117.256098,-116.463415,25.548780
-1.061035,0.364990,-1.007324,-140.731707,-116.951220,40.000000
-0.829590,0.087646,-0.859375,-156.951220,-100.304878,48.048780
-0.802246,-0.080078,-0.832275,-159.329268,-75.243902,56.768293
-0.868164,-0.059570,-0.867676,-142.560976,-54.878049,55.243902
-0.841553,0.031982,-0.858887,-108.841463,-40.182927,47.378049
-0.835693,0.145752,-0.760986,-62.743902,-23.536585,39.512195
-0.913818,0.298096,-0.577148,-14.390244,-5.182927,31.768293
-1.027344,0.450928,-0.362793,25.000000,8.841463,23.597561
-1.129639,0.582275,-0.176514,50.487805,12.134146,13.658537
-1.180664,0.713379,-0.028320,58.414634,0.548780,2.378049
-1.141602,0.794678,0.009766,47.439024,-23.475610,-6.829268
-1.047363,0.822998,-0.001465,33.048780,-52.256098,-16.890244
-0.931152,0.815186,-0.027588,23.292683,-82.378049,-25.670732
-0.814453,0.768799,-0.098633,16.219512,-110.731707,-29.329268
-0.711670,0.702637,-0.155273,12.073171,-130.060976,-28.963415
-0.621826,0.631836,-0.162598,8.109756,-136.158537,-26.646341
-0.597656,0.539062,-0.133789,1.524390,-129.878049,-23.292683
-0.647461,0.462402,-0.099854,-6.280488,-116.829268,-20.304878
-0.748047,0.423096,-0.085693,-12.073171,-102.195122,-16.402439
-0.861084,0.416260,-0.081543,-14.573171,-88.536585,-11.707317
-0.954346,0.437256,-0.074463,-13.231707,-76.463415,-7.317073
-1.037354,0.485840,-0.057617,-7.256098,-65.182927,-5.365854
-1.130371,0.487061,-0.104980,-3.170732,-54.146341,-6.951220
-1.202881,0.467529,-0.164795,1.585366,-50.365854,-10.609756
-1.220703,0.455566,-0.209229,14.939024,-53.902439,-19.390244
-1.190918,0.418701,-0.202393,30.365854,-55.304878,-31.097561
-1.109619,0.353027,-0.178711,38.536585,-48.719512,-39.268293
-0.994141,0.297852,-0.122070,42.987805,-34.329268,-42.195122
-0.864014,0.273682,-0.030762,45.487805,-17.682927,-42.682927
-0.742920,0.254639,0.025146,42.865854,-5.609756,-40.792683
-0.680420,0.220215,0.032959,36.036585,0.914634,-37.560976
-0.680908,0.194092,0.026367,27.500000,4.146341,-34.695122
-0.718018,0.163818,-0.004150,17.743902,6.036585,-31.280488
-0.776855,0.126465,-0.054443,8.841463,8.963415,-27.317073
-0.849609,0.113525,-0.120117,3.536585,14.390244,-23.841463
-0.927734,0.117676,-0.196777,1.036585,21.585366,-22.073171
-0.997559,0.115967,-0.285889,-0.304878,27.500000,-21.951220
-1.042480,0.106445,-0.369629,-0.182927,28.658537,-22.195122
-1.063965,0.099609,-0.423584,1.707317,24.573171,-21.768293
-1.068115,0.100342,-0.438965,4.939024,17.500000,-20.914634
-1.060059,0.101074,-0.441650,7.682927,10.548780,-20.121951
-1.044434,0.095215,-0.444824,9.390244,5.365854,-19.512195
-1.015137,0.084473,-0.446045,9.817073,1.829268,-18.841463
-0.986328,0.071533,-0.446289,9.634146,-0.426829,-17.743902
-0.965332,0.069336,-0.433594,9.512195,-2.012195,-15.853659
-0.955078,0.075195,-0.415527,9.146341,-2.865854,-13.475610
-0.950195,0.081055,-0.399414,8.719512,-2.804878,-11.097561
-0.951416,0.086182,-0.389648,8.414634,-1.890244,-9.268293
-0.956299,0.090820,-0.383301,8.292683,-0.975610,-8.048780
-0.966309,0.090332,-0.379639,8.353659,-0.792683,-7.378049
-0.977295,0.083740,-0.377441,8.719512,-1.280488,-7.195122
-0.980713,0.077637,-0.375977,9.451220,-1.951220,-7.073171
-0.980713,0.072998,-0.371582,10.000000,-2.378049,-6.524390
-0.980713,0.077148,-0.360596,10.182927,-2.439024,-5.548780
-0.978760,0.085205,-0.347412,9.817073,-2.073171,-4.207317
-0.975830,0.096680,-0.335938,9.146341,-1.097561,-2.987805
-0.978516,0.109619,-0.331055,8.475610,0.000000,-2.134146
-0.987549,0.121582,-0.333984,7.987805,0.731707,-1.890244
-0.996094,0.125977,-0.340088,7.804878,1.158537,-2.682927
-0.999023,0.124512,-0.343506,7.621951,1.402439,-3.902439
-1.001465,0.118896,-0.344971,7.134146,1.768293,-4.878049
-0.999512,0.113525,-0.345215,6.402439,2.317073,-5.548780
-0.997559,0.105957,-0.346924,5.609756,3.048780,-6.036585
-0.991211,0.097656,-0.351562,4.817073,3.475610,-6.463415
-0.987793,0.089600,-0.354492,4.451220,3.536585,-6.768293
-0.984375,0.082275,-0.353516,4.573171,3.292683,-7.073171
-0.979980,0.073730,-0.352783,5.000000,3.170732,-7.500000
-0.977295,0.068604,-0.352783,5.426829,3.292683,-7.682927
-0.976318,0.069336,-0.352539,5.853659,3.597561,-7.621951
-0.977539,0.073242,-0.350342,6.158537,3.902439,-7.560976
-0.977783,0.077881,-0.347900,6.219512,4.268293,-7.621951
-0.976074,0.078125,-0.348877,5.975610,4.695122,-7.743902
-0.973389,0.075195,-0.349365,5.487805,5.060976,-7.987805
-0.973145,0.070068,-0.350342,5.000000,5.487805,-8.231707
-0.979004,0.065674,-0.355469,4.634146,5.914634,-8.597561
-0.983398,0.060791,-0.361816,4.573171,6.097561,-9.085366
-0.985840,0.052734,-0.368896,4.512195,6.036585,-9.451220
-0.986084,0.045898,-0.375732,4.329268,5.731707,-9.329268
-0.986572,0.042725,-0.379639,4.085366,5.182927,-8.780488
-0.986816,0.041504,-0.381592,3.902439,4.329268,-8.048780
-0.985840,0.041748,-0.382324,3.841463,3.414634,-7.256098
-0.983154,0.044189,-0.378906,3.963415,2.500000,-6.646341
-0.979492,0.045654,-0.373047,4.024390,1.524390,-6.341463
-0.977783,0.046143,-0.370850,3.902439,0.792683,-6.280488
-0.977051,0.041504,-0.371582,3.597561,0.304878,-6.402439
-0.975342,0.039795,-0.369385,3.536585,0.000000,-6.402439
-0.976807,0.037598,-0.368652,3.292683,-0.182927,-6.158537
-0.979980,0.035889,-0.368164,2.926829,-0.548780,-5.792683
-0.982422,0.032959,-0.369385,2.500000,-0.853659,-5.304878
-0.981934,0.031250,-0.371826,2.195122,-1.280488,-4.695122
-0.982178,0.031982,-0.373047,1.890244,-1.951220,-4.085366
-0.981201,0.032471,-0.372559,1.524390,-2.987805,-3.597561
-0.983154,0.033203,-0.369141,1.280488,-3.902439,-3.353659
-0.983887,0.032715,-0.368896,1.158537,-4.756098,-3.292683
-0.983154,0.032715,-0.369141,1.219512,-5.426829,-3.292683
-0.988281,0.032715,-0.373291,1.280488,-6.097561,-3.292683
-0.991699,0.035645,-0.375732,1.585366,-7.317073,-3.475610
-0.993164,0.040771,-0.375000,2.073171,-8.780488,-3.841463
-1.000488,0.044189,-0.377441,2.621951,-10.182927,-4.451220
-1.005127,0.045410,-0.382324,3.353659,-11.951220,-5.487805
-1.005371,0.042480,-0.385986,4.268293,-14.085366,-6.890244
-1.005859,0.036377,-0.390625,5.304878,-16.829268,-8.353659
-1.007324,0.028076,-0.393555,6.768293,-20.182927,-9.756098
-1.001953,0.024170,-0.387939,8.536585,-23.780488,-10.792683
-0.995850,0.027100,-0.368896,10.060976,-26.707317,-11.341463
-0.989746,0.032715,-0.349609,10.975610,-28.475610,-11.524390
-0.981934,0.039307,-0.328613,11.402439,-28.597561,-11.768293
-0.977539,0.039551,-0.317139,10.975610,-26.829268,-12.195122
-0.987305,0.034912,-0.320801,10.426829,-24.695122,-12.865854
-1.001465,0.029297,-0.332764,10.609756,-24.085366,-13.902439
-1.010010,0.026855,-0.337646,11.585366,-25.060976,-15.243902
-1.014648,0.020264,-0.333252,12.256098,-26.463415,-16.585366
-1.011963,0.010498,-0.322998,12.439024,-27.682927,-17.682927
-1.007568,0.001221,-0.310303,12.500000,-28.475610,-18.292683
-0.999023,-0.002930,-0.290771,12.682927,-28.902439,-18.414634
-0.992676,-0.004883,-0.273926,12.682927,-28.475610,-18.170732
-0.988525,-0.004150,-0.261230,12.256098,-27.256098,-17.621951
-0.982178,-0.001465,-0.244629,11.768293,-25.670732,-17.256098
-0.971191,-0.000244,-0.225830,10.792683,-23.109756,-17.134146
-0.971436,-0.002930,-0.218506,9.329268,-19.878049,-16.829268
-0.979980,-0.009277,-0.228027,7.682927,-16.768293,-16.341463
-0.985352,-0.018555,-0.236572,6.280488,-14.512195,-15.731707
-0.981934,-0.030273,-0.239502,4.878049,-13.048780,-14.756098
-0.976074,-0.040771,-0.237793,3.414634,-11.768293,-13.414634
-0.977295,-0.051514,-0.237061,2.073171,-10.243902,-11.768293
-0.984863,-0.059570,-0.237061,1.280488,-8.536585,-9.878049
-0.989502,-0.063721,-0.236328,0.731707,-6.890244,-7.804878
-0.990723,-0.062744,-0.234131,0.426829,-5.304878,-5.792683
-0.993164,-0.059326,-0.230469,0.121951,-3.780488,-3.963415
-0.996826,-0.054932,-0.228760,-0.060976,-2.134146,-2.560976
-0.999268,-0.051514,-0.228271,-0.426829,-0.548780,-1.463415
-1.002197,-0.054443,-0.232666,-1.097561,1.036585,-0.548780
-1.005615,-0.058594,-0.243164,-1.768293,2.682927,0.121951
-1.007812,-0.059814,-0.253662,-2.195122,3.902439,0.975610
-1.008789,-0.055664,-0.258545,-2.439024,4.512195,1.768293
-1.008545,-0.048340,-0.257812,-2.621951,4.756098,2.500000
-1.008057,-0.040771,-0.255615,-2.926829,5.000000,2.987805
-1.007568,-0.037109,-0.255371,-3.231707,5.365854,3.109756
-1.005371,-0.035889,-0.254639,-3.353659,5.853659,2.926829
-1.000488,-0.036377,-0.253662,-3.353659,6.524390,2.621951
-0.995850,-0.038330,-0.251953,-3.353659,7.378049,2.317073
-0.992432,-0.037842,-0.251221,-3.353659,8.414634,2.256098
-0.995850,-0.036377,-0.255371,-3.719512,9.451220,2.439024
-1.001709,-0.035400,-0.264404,-4.085366,10.121951,2.682927
-1.009033,-0.031982,-0.272705,-4.268293,10.243902,2.865854
-1.014648,-0.028076,-0.280029,-4.207317,10.000000,2.926829
-1.016357,-0.024902,-0.283447,-3.963415,9.451220,2.743902
-1.014893,-0.022705,-0.287109,-3.597561,8.841463,2.378049
-1.011475,-0.020508,-0.287842,-3.231707,8.353659,1.890244
-1.006836,-0.021729,-0.289307,-2.987805,8.109756,1.402439
-1.003906,-0.022949,-0.292480,-2.743902,8.048780,1.097561
-1.003418,-0.023682,-0.297119,-2.560976,8.048780,0.853659
-1.001953,-0.019775,-0.295654,-2.073171,7.865854,0.487805
-1.001465,-0.019287,-0.294189,-1.646341,7.743902,0.121951
-1.002197,-0.020996,-0.295898,-1.280488,7.743902,0.000000
-1.001709,-0.021973,-0.298828,-1.097561,7.560976,0.000000
-1.003174,-0.021973,-0.300781,-0.975610,6.951220,0.000000
-1.005615,-0.021729,-0.301514,-0.914634,6.097561,0.060976
-1.009766,-0.020752,-0.301270,-0.609756,5.243902,0.000000
-1.010742,-0.019531,-0.298340,-0.121951,4.268293,-0.487805
-1.009521,-0.019043,-0.295654,0.243902,3.292683,-1.097561
-1.006592,-0.020264,-0.294922,0.609756,2.500000,-1.768293
-1.005859,-0.022705,-0.297852,0.792683,1.829268,-2.378049
-1.008301,-0.026855,-0.303223,1.036585,1.097561,-2.804878
-1.007812,-0.029541,-0.308594,1.158537,0.182927,-3.048780
-1.007568,-0.031494,-0.310547,1.158537,-0.914634,-2.987805
-1.005615,-0.032471,-0.307373,0.975610,-2.256098,-2.743902
-1.003174,-0.032471,-0.300537,0.792683,-3.414634,-2.500000
-1.000732,-0.033691,-0.291260,0.487805,-4.207317,-2.134146
-1.000000,-0.035156,-0.283447,0.060976,-4.451220,-1.707317
-1.000244,-0.035645,-0.278076,-0.243902,-4.329268,-1.219512
-1.003418,-0.035645,-0.275391,-0.548780,-3.963415,-0.853659
-1.004395,-0.036133,-0.275879,-0.792683,-3.658537,-0.731707
-1.005371,-0.036377,-0.276367,-0.914634,-3.414634,-0.670732
-1.006348,-0.036621,-0.278320,-1.097561,-3.414634,-0.670732
-1.003906,-0.036377,-0.279785,-1.280488,-3.780488,-0.670732
-1.006348,-0.037109,-0.279541,-1.524390,-4.146341,-0.670732
-1.007568,-0.036865,-0.279541,-1.768293,-4.695122,-0.670732
-1.007812,-0.036133,-0.279053,-1.951220,-5.121951,-0.792683
-1.005371,-0.032471,-0.278076,-2.073171,-5.487805,-0.914634
-1.002930,-0.030518,-0.279053,-2.256098,-5.487805,-1.036585
-1.004150,-0.029785,-0.281494,-2.439024,-5.426829,-1.341463
-1.007080,-0.029541,-0.283936,-2.500000,-5.548780,-1.768293
-1.007324,-0.027832,-0.285889,-2.317073,-6.036585,-2.317073
-1.005127,-0.026367,-0.287109,-2.256098,-6.707317,-2.926829
-1.002197,-0.026855,-0.291260,-2.073171,-7.256098,-3.475610
-1.000732,-0.027588,-0.296143,-1.768293,-7.500000,-4.024390
-0.998535,-0.027832,-0.301514,-1.402439,-7.682927,-4.329268
-0.998047,-0.029541,-0.305664,-1.097561,-7.682927,-4.512195
-0.997314,-0.029785,-0.307617,-0.609756,-7.743902,-4.512195
-0.998291,-0.030029,-0.307861,-0.121951,-7.743902,-4.451220
-1.000000,-0.030029,-0.304688,0.365854,-7.743902,-4.390244
-1.002197,-0.029297,-0.298340,0.975610,-7.621951,-4.451220
-1.003906,-0.028320,-0.290527,1.585366,-7.439024,-4.512195
-1.002930,-0.030518,-0.281738,2.134146,-7.195122,-4.695122
-1.003662,-0.035400,-0.274658,2.378049,-6.890244,-4.817073
-1.004395,-0.040771,-0.269043,2.378049,-6.768293,-4.695122
-1.003174,-0.045166,-0.261230,2.195122,-6.646341,-4.390244
-0.999512,-0.047607,-0.253906,1.951220,-6.280488,-3.963415
-0.996094,-0.049805,-0.249268,1.646341,-5.365854,-3.536585
-0.995605,-0.050537,-0.249756,1.341463,-4.207317,-2.865854
-0.997559,-0.049561,-0.252686,0.975610,-3.170732,-2.195122
-0.997803,-0.048340,-0.253174,0.609756,-2.317073,-1.524390
-0.996826,-0.047363,-0.252686,0.243902,-1.463415,-0.914634
-0.996826,-0.046631,-0.252686,0.000000,-0.548780,-0.365854
-0.999023,-0.045654,-0.253418,-0.243902,0.243902,0.000000
-1.001953,-0.044434,-0.255371,-0.426829,1.097561,0.365854
-1.005371,-0.044434,-0.258789,-0.609756,1.707317,0.609756
-1.007568,-0.042969,-0.263184,-0.670732,2.073171,0.670732
-1.008789,-0.041260,-0.267090,-0.670732,2.073171,0.609756
-1.008789,-0.041748,-0.268799,-0.670732,1.768293,0.426829
-1.007568,-0.042725,-0.266602,-0.609756,1.341463,0.304878
-1.006348,-0.043701,-0.266113,-0.609756,1.158537,0.243902
-1.005371,-0.043945,-0.268066,-0.609756,1.158537,0.365854
-1.005615,-0.042725,-0.269043,-0.487805,1.097561,0.487805
-1.005859,-0.039795,-0.269287,-0.304878,0.975610,0.609756
-1.006104,-0.036377,-0.268066,-0.182927,0.853659,0.670732
-1.005371,-0.033691,-0.266357,-0.121951,0.975610,0.609756
-1.004395,-0.032471,-0.263672,-0.060976,1.219512,0.487805
-1.003906,-0.034180,-0.262451,0.000000,1.768293,0.243902
-1.004639,-0.036621,-0.262451,0.060976,2.256098,0.000000
-1.005127,-0.038574,-0.262939,0.182927,2.804878,-0.182927
-1.005371,-0.039307,-0.264648,0.304878,3.231707,-0.304878
-1.006592,-0.039062,-0.267090,0.426829,3.536585,-0.487805
-1.007568,-0.038574,-0.268555,0.548780,3.658537,-0.609756
-1.007080,-0.038574,-0.269531,0.609756,3.719512,-0.792683
-1.007080,-0.039551,-0.271240,0.731707,3.780488,-0.975610
-1.005859,-0.039307,-0.271973,0.853659,3.719512,-1.158537
-1.005615,-0.040283,-0.272461,0.975610,3.719512,-1.341463
-1.004883,-0.040039,-0.274658,1.097561,3.780488,-1.463415
-1.004639,-0.039795,-0.276611,1.158537,3.902439,-1.585366
-1.004150,-0.040771,-0.278809,1.158537,3.963415,-1.646341
-1.004150,-0.042236,-0.281494,1.219512,3.841463,-1.707317
-1.003906,-0.043701,-0.282471,1.280488,3.597561,-1.707317
-1.004395,-0.044434,-0.283691,1.280488,3.353659,-1.585366
-1.004395,-0.044434,-0.283691,1.341463,3.109756,-1.463415
-1.004395,-0.044922,-0.283203,1.341463,2.865854,-1.341463
-1.005127,-0.044922,-0.282959,1.402439,2.621951,-1.280488
-1.006104,-0.043701,-0.283447,1.585366,2.317073,-1.280488
-1.006348,-0.041504,-0.283936,1.646341,1.951220,-1.280488
-1.006348,-0.038818,-0.285889,1.768293,1.585366,-1.402439
-1.006104,-0.036621,-0.285400,1.890244,1.219512,-1.585366
-1.005615,-0.035156,-0.283691,2.073171,0.914634,-1.951220
-1.004150,-0.032959,-0.281494,2.195122,0.792683,-2.317073
-1.003418,-0.034424,-0.281982,2.256098,0.853659,-2.682927
-1.001709,-0.037842,-0.283691,2.317073,0.914634,-3.231707
-1.000732,-0.043213,-0.284424,2.317073,1.036585,-3.719512
-1.001221,-0.050293,-0.287598,2.256098,1.097561,-4.024390
-1.002686,-0.057373,-0.289062,2.195122,0.914634,-4.085366
-1.003906,-0.061523,-0.290283,2.073171,0.548780,-3.719512
-1.004639,-0.061768,-0.290527,2.012195,0.000000,-3.170732
-1.003662,-0.059326,-0.287842,1.951220,-0.609756,-2.560976
-1.002686,-0.057129,-0.285156,1.829268,-0.975610,-2.134146
-1.001953,-0.054688,-0.282959,1.768293,-1.280488,-1.768293
-1.001709,-0.053711,-0.281738,1.768293,-1.341463,-1.524390
-1.000977,-0.052002,-0.281250,1.768293,-1.341463,-1.341463
-1.000244,-0.051025,-0.280518,1.768293,-1.219512,-1.158537
-0.999268,-0.050537,-0.280029,1.768293,-1.036585,-1.036585
-0.997803,-0.050781,-0.279297,1.768293,-0.792683,-0.975610
-0.996338,-0.052734,-0.278809,1.829268,-0.548780,-0.975610
-0.996582,-0.056152,-0.277588,1.829268,-0.121951,-0.914634
-0.997070,-0.058594,-0.277100,1.707317,0.304878,-0.792683
-0.998047,-0.059570,-0.279541,1.524390,0.914634,-0.426829
-1.000488,-0.058105,-0.284180,1.341463,1.280488,-0.060976
-1.003174,-0.055908,-0.287598,1.097561,1.158537,0.243902
-1.004639,-0.053223,-0.288574,0.914634,0.792683,0.487805
-1.004639,-0.051270,-0.288574,0.731707,0.365854,0.548780
-1.004883,-0.049316,-0.288086,0.670732,0.000000,0.487805
-1.005371,-0.048584,-0.287354,0.670732,-0.243902,0.365854
-1.004639,-0.047607,-0.285889,0.670732,-0.487805,0.182927
-1.004150,-0.047119,-0.285889,0.731707,-0.609756,0.000000
-1.003174,-0.047607,-0.285645,0.792683,-0.731707,-0.060976
-1.002197,-0.048584,-0.284424,0.792683,-0.792683,-0.243902
-1.001221,-0.050049,-0.283691,0.853659,-0.853659,-0.304878
-1.000000,-0.050781,-0.282959,0.853659,-0.853659,-0.243902
-1.000732,-0.050537,-0.282959,0.853659,-0.731707,-0.182927
-1.000732,-0.050293,-0.282471,0.853659,-0.609756,-0.121951
-1.001221,-0.050537,-0.281982,0.914634,-0.548780,-0.060976
-1.001709,-0.050049,-0.281494,0.914634,-0.487805,0.000000
-1.002441,-0.049316,-0.281250,0.975610,-0.365854,0.000000
-1.003174,-0.048584,-0.281250,1.036585,-0.243902,-0.060976
-1.003662,-0.048096,-0.281250,1.097561,-0.182927,-0.182927
-1.003906,-0.048340,-0.281982,1.158537,-0.060976,-0.365854
-1.004150,-0.047852,-0.282227,1.219512,-0.060976,-0.487805
-1.003418,-0.047852,-0.281982,1.280488,-0.060976,-0.548780
-1.001953,-0.048096,-0.281494,1.341463,-0.060976,-0.670732
-1.001221,-0.049072,-0.281494,1.341463,0.000000,-0.792683
-1.000000,-0.050537,-0.280518,1.341463,0.000000,-0.853659
-0.999268,-0.052246,-0.280762,1.341463,0.121951,-0.914634
-0.999023,-0.054199,-0.280273,1.280488,0.304878,-0.853659
-0.999512,-0.055908,-0.281250,1.280488,0.487805,-0.731707
-1.000488,-0.056885,-0.282471,1.219512,0.609756,-0.609756
-1.001221,-0.056885,-0.284180,1.097561,0.670732,-0.365854
-1.001953,-0.056152,-0.286133,1.036585,0.609756,-0.182927
-1.001953,-0.054932,-0.287109,0.914634,0.487805,0.000000
-1.001465,-0.053955,-0.286621,0.792683,0.365854,0.060976
-1.000977,-0.053711,-0.285156,0.670732,0.243902,0.182927
-1.001221,-0.053467,-0.285156,0.609756,0.182927,0.243902
-1.001465,-0.052734,-0.285889,0.548780,0.182927,0.304878
-1.001953,-0.052246,-0.286621,0.548780,0.182927,0.304878
-1.001709,-0.051758,-0.287109,0.548780,0.182927,0.243902
-1.001709,-0.051514,-0.286865,0.548780,0.060976,0.243902
-1.001709,-0.050537,-0.286621,0.609756,0.060976,0.243902
-1.001709,-0.049805,-0.287354,0.609756,0.060976,0.182927
-1.001465,-0.050293,-0.288086,0.670732,0.000000,0.182927
-1.001953,-0.050537,-0.287354,0.670732,0.000000,0.182927
-1.002197,-0.050781,-0.286865,0.731707,0.000000,0.182927
-1.002441,-0.049805,-0.286621,0.731707,0.000000,0.182927
-1.002197,-0.049316,-0.286377,0.853659,0.060976,0.182927
-1.001465,-0.049316,-0.285645,0.853659,0.182927,0.121951
-1.000488,-0.049561,-0.285156,0.914634,0.243902,0.060976
-1.000000,-0.049561,-0.283691,0.975610,0.365854,0.000000
-0.999512,-0.050781,-0.282959,1.036585,0.548780,0.000000
-0.999756,-0.051758,-0.284424,1.036585,0.914634,0.000000
-0.999756,-0.052734,-0.288330,1.036585,1.280488,0.000000
-0.999756,-0.053223,-0.290039,0.975610,1.280488,0.121951
-0.999756,-0.052979,-0.289795,0.914634,1.158537,0.304878
-0.999268,-0.052490,-0.288330,0.792683,1.036585,0.487805
-0.999023,-0.051270,-0.286621,0.670732,1.036585,0.731707
-0.998047,-0.049805,-0.286133,0.609756,1.158537,0.914634
-0.998535,-0.048340,-0.286865,0.548780,1.341463,0.975610
-0.999756,-0.047119,-0.288818,0.548780,1.585366,1.036585
-1.000488,-0.046875,-0.289795,0.548780,1.707317,0.975610
-1.001465,-0.046875,-0.290771,0.609756,1.768293,0.914634
-1.001465,-0.047119,-0.290771,0.670732,1.768293,0.731707
-1.001465,-0.047363,-0.291504,0.731707,1.768293,0.609756
-1.000488,-0.047363,-0.291992,0.792683,1.768293,0.487805
-1.000244,-0.047119,-0.291992,0.792683,1.768293,0.365854
-0.999512,-0.048096,-0.291504,0.731707,1.707317,0.365854
-0.999512,-0.047852,-0.291504,0.731707,1.707317,0.426829
-0.999512,-0.047852,-0.292725,0.731707,1.707317,0.426829
-0.999512,-0.047852,-0.293701,0.731707,1.768293,0.426829
-0.999512,-0.047607,-0.294189,0.731707,1.768293,0.426829
-0.998779,-0.047852,-0.293701,0.731707,1.768293,0.487805
-0.999023,-0.047852,-0.292969,0.731707,1.768293,0.548780
-0.999512,-0.047363,-0.293945,0.731707,1.890244,0.487805
-1.000244,-0.047363,-0.295898,0.792683,1.890244,0.487805
-1.000488,-0.047852,-0.297607,0.792683,1.829268,0.487805
-1.000977,-0.048340,-0.299072,0.731707,1.707317,0.487805
-1.000732,-0.047363,-0.299316,0.731707,1.524390,0.548780
-0.999756,-0.046875,-0.298584,0.670732,1.341463,0.548780
-0.999023,-0.046875,-0.297852,0.670732,1.280488,0.548780
-0.998779,-0.046387,-0.297119,0.670732,1.219512,0.609756
-0.998779,-0.046143,-0.297607,0.609756,1.280488,0.670732
-0.998535,-0.045654,-0.298340,0.609756,1.341463,0.670732
-0.998779,-0.045166,-0.299316,0.548780,1.402439,0.670732
-0.998291,-0.044922,-0.298828,0.548780,1.463415,0.670732
-0.998535,-0.045166,-0.299805,0.548780,1.524390,0.731707
-0.998535,-0.044922,-0.300049,0.548780,1.463415,0.731707
-0.998779,-0.044434,-0.300293,0.487805,1.463415,0.731707
-0.998291,-0.043457,-0.299805,0.548780,1.463415,0.670732
-0.997803,-0.043457,-0.300293,0.548780,1.402439,0.670732
-0.997559,-0.043213,-0.300537,0.548780,1.402439,0.670732
-0.996826,-0.042725,-0.299805,0.548780,1.341463,0.731707
-0.996582,-0.042725,-0.299316,0.487805,1.402439,0.792683
-0.995850,-0.042236,-0.299805,0.487805,1.585366,0.792683
-0.995117,-0.042480,-0.300781,0.487805,1.707317,0.792683
-0.995117,-0.043213,-0.301758,0.487805,1.829268,0.792683
-0.996094,-0.042969,-0.301270,0.487805,1.951220,0.792683
-0.996826,-0.042236,-0.301514,0.487805,2.073171,0.853659
-0.996094,-0.041260,-0.301758,0.487805,2.317073,0.853659
-0.996826,-0.041260,-0.304688,0.487805,2.500000,0.853659
-0.997070,-0.042236,-0.307861,0.548780,2.500000,0.731707
-0.996826,-0.043213,-0.307617,0.609756,2.317073,0.670732
-0.995117,-0.043945,-0.305420,0.670732,2.134146,0.609756
-0.994141,-0.044434,-0.302734,0.548780,2.073171,0.670732
-0.994385,-0.044678,-0.304199,0.426829,2.378049,0.853659
-0.994629,-0.044434,-0.307861,0.365854,2.682927,1.036585
-0.994385,-0.044189,-0.309570,0.243902,2.682927,1.280488
-0.994873,-0.042725,-0.308838,0.182927,2.500000,1.463415
-0.995361,-0.041504,-0.308594,0.182927,2.378049,1.585366
-0.994873,-0.040283,-0.308838,0.182927,2.317073,1.646341
-0.995361,-0.039062,-0.310303,0.182927,2.439024,1.646341
-0.995850,-0.037354,-0.311523,0.182927,2.439024,1.585366
-0.996826,-0.037109,-0.312256,0.182927,2.439024,1.524390
-0.996826,-0.036865,-0.313965,0.243902,2.256098,1.402439
-0.996338,-0.036377,-0.314209,0.365854,2.012195,1.280488
-0.996094,-0.035645,-0.312744,0.426829,1.829268,1.097561
-0.995850,-0.035645,-0.312744,0.487805,1.646341,0.975610
-0.995361,-0.035889,-0.312988,0.548780,1.646341,0.914634
-0.994629,-0.036377,-0.313721,0.609756,1.707317,0.853659
-0.993652,-0.036621,-0.313721,0.609756,1.829268,0.792683
-0.992676,-0.036865,-0.313965,0.548780,1.951220,0.853659
-0.993896,-0.036865,-0.315674,0.426829,2.012195,0.914634
-0.994141,-0.035889,-0.317383,0.487805,2.073171,0.914634
-0.993652,-0.035889,-0.318115,0.487805,2.012195,0.853659
-0.993652,-0.036133,-0.318115,0.548780,1.890244,0.731707
-0.993652,-0.035889,-0.319336,0.548780,1.768293,0.731707
-0.993896,-0.035156,-0.319824,0.548780,1.585366,0.670732
-0.993896,-0.035156,-0.320312,0.609756,1.402439,0.670732
-0.994385,-0.034912,-0.319580,0.609756,1.158537,0.609756
-0.993408,-0.034424,-0.318604,0.609756,0.975610,0.609756
-0.992676,-0.034668,-0.318115,0.548780,0.914634,0.609756
-0.992432,-0.034668,-0.317139,0.548780,0.914634,0.609756
-0.992920,-0.035156,-0.317627,0.548780,1.036585,0.609756
-0.994629,-0.034424,-0.319336,0.548780,1.097561,0.609756
-0.995361,-0.033691,-0.321533,0.548780,1.036585,0.548780
-0.995605,-0.033203,-0.322021,0.609756,0.853659,0.487805
-0.995117,-0.033203,-0.321533,0.670732,0.670732,0.304878
-0.995117,-0.032715,-0.321533,0.731707,0.487805,0.182927
-0.994873,-0.033203,-0.321533,0.792683,0.304878,0.060976
-0.994629,-0.033447,-0.321533,0.853659,0.121951,0.000000
-0.994141,-0.033936,-0.321289,0.914634,-0.060976,-0.060976
-0.993652,-0.035156,-0.320557,0.914634,-0.182927,-0.182927
-0.993164,-0.035645,-0.320557,0.914634,-0.365854,-0.243902
-0.993164,-0.035156,-0.320801,0.914634,-0.426829,-0.243902
-0.993164,-0.035156,-0.321289,0.914634,-0.487805,-0.243902
-0.993408,-0.034668,-0.321533,0.975610,-0.487805,-0.304878
-0.992920,-0.034424,-0.321777,0.975610,-0.548780,-0.365854
-0.992188,-0.034668,-0.321533,0.975610,-0.670732,-0.365854
-0.992432,-0.035156,-0.320557,0.975610,-0.731707,-0.426829
-0.993408,-0.034912,-0.320312,0.975610,-0.731707,-0.426829
-0.994141,-0.033936,-0.320557,1.036585,-0.670732,-0.426829
-0.994141,-0.033203,-0.321533,1.097561,-0.670732,-0.487805
-0.993896,-0.033936,-0.321533,1.097561,-0.731707,-0.609756
-0.992432,-0.035400,-0.320801,1.158537,-0.853659,-0.670732
-0.991455,-0.036621,-0.319336,1.158537,-0.975610,-0.731707
-0.991455,-0.037354,-0.317627,1.097561,-0.914634,-0.670732
-0.991455,-0.038330,-0.318359,1.036585,-0.792683,-0.609756
-0.992188,-0.037598,-0.319580,0.975610,-0.670732,-0.426829
-0.992188,-0.036377,-0.319580,0.914634,-0.609756,-0.304878
-0.992188,-0.036377,-0.318115,0.853659,-0.670732,-0.243902
-0.992432,-0.036133,-0.316895,0.853659,-0.670732,-0.182927
-0.993408,-0.034912,-0.316650,0.853659,-0.609756,-0.182927
-0.993652,-0.034424,-0.317627,0.853659,-0.609756,-0.182927
-0.993896,-0.033691,-0.318848,0.853659,-0.609756,-0.243902
-0.994385,-0.033936,-0.319336,0.914634,-0.670732,-0.243902
-0.994629,-0.034424,-0.318604,0.914634,-0.731707,-0.304878
-0.994629,-0.034424,-0.318604,0.975610,-0.792683,-0.365854
-0.994385,-0.034668,-0.318359,0.975610,-0.853659,-0.426829
-0.994629,-0.034668,-0.318359,1.036585,-0.853659,-0.487805
-0.994141,-0.034912,-0.318115,1.036585,-0.853659,-0.548780
-0.992920,-0.035156,-0.318359,1.097561,-0.853659,-0.609756
-0.992676,-0.035889,-0.318604,1.097561,-0.792683,-0.609756
-0.992676,-0.036621,-0.318359,1.097561,-0.731707,-0.609756
-0.992432,-0.036377,-0.318604,1.097561,-0.670732,-0.548780
-0.992920,-0.036377,-0.318115,1.036585,-0.670732,-0.487805
-0.992432,-0.036133,-0.317871,1.036585,-0.670732,-0.426829
-0.992676,-0.036133,-0.317627,1.036585,-0.670732,-0.426829
-0.993164,-0.035889,-0.317139,1.036585,-0.731707,-0.365854
-0.992920,-0.035645,-0.317139,1.036585,-0.731707,-0.365854
-0.992920,-0.035400,-0.317627,1.036585,-0.731707,-0.365854
-0.992676,-0.035645,-0.317871,0.975610,-0.731707,-0.365854
-0.991943,-0.035400,-0.317627,0.975610,-0.731707,-0.365854
-0.991699,-0.035889,-0.317139,0.975610,-0.731707,-0.365854
-0.992676,-0.036865,-0.317139,0.975610,-0.731707,-0.365854
-0.992920,-0.036865,-0.317383,0.914634,-0.670732,-0.365854
-0.992920,-0.036865,-0.318115,0.914634,-0.609756,-0.304878
-0.993164,-0.036377,-0.318604,0.914634,-0.609756,-0.304878
-0.993652,-0.036377,-0.319092,0.914634,-0.548780,-0.304878
-0.993896,-0.036377,-0.318604,0.914634,-0.609756,-0.304878
-0.993896,-0.036621,-0.318604,0.914634,-0.609756,-0.304878
-0.993896,-0.036377,-0.319092,0.914634,-0.670732,-0.304878
-0.993652,-0.036377,-0.318848,0.914634,-0.670732,-0.304878
-0.993652,-0.036621,-0.319092,0.975610,-0.731707,-0.365854
-0.994141,-0.036377,-0.318848,0.975610,-0.792683,-0.426829
-0.994385,-0.036865,-0.318359,1.036585,-0.792683,-0.426829
-0.993652,-0.037109,-0.317627,1.036585,-0.853659,-0.487805
-0.993408,-0.037109,-0.317139,1.036585,-0.853659,-0.426829
-0.993408,-0.037598,-0.316406,1.036585,-0.853659,-0.426829
-0.993408,-0.037598,-0.316406,1.036585,-0.792683,-0.426829
-0.992920,-0.037598,-0.316406,1.036585,-0.792683,-0.426829
-0.992188,-0.037354,-0.316650,1.036585,-0.792683,-0.426829
-0.992188,-0.037354,-0.315674,0.975610,-0.792683,-0.426829
-0.993164,-0.036865,-0.316162,0.975610,-0.731707,-0.365854
-0.993896,-0.036133,-0.317139,0.975610,-0.670732,-0.365854
-0.993896,-0.036133,-0.317627,1.036585,-0.609756,-0.426829
-0.993164,-0.037109,-0.317139,1.097561,-0.670732,-0.487805
-0.993164,-0.038086,-0.315430,1.097561,-0.731707,-0.487805
-0.992920,-0.038574,-0.313721,1.097561,-0.792683,-0.487805
-0.993164,-0.038818,-0.313721,1.036585,-0.670732,-0.487805
-0.993652,-0.038818,-0.314941,1.036585,-0.548780,-0.426829
-0.993896,-0.038086,-0.316162,0.975610,-0.426829,-0.304878
-0.993896,-0.037842,-0.316650,0.914634,-0.487805,-0.304878
-0.993164,-0.037842,-0.314453,0.853659,-0.609756,-0.243902
-0.992920,-0.037109,-0.313721,0.853659,-0.670732,-0.182927
-0.993652,-0.036865,-0.313965,0.853659,-0.670732,-0.182927
-0.994629,-0.036377,-0.314697,0.853659,-0.609756,-0.121951
-0.995605,-0.036621,-0.315918,0.853659,-0.609756,-0.182927
-0.995850,-0.037109,-0.316162,0.914634,-0.670732,-0.243902
-0.996094,-0.037109,-0.316406,0.914634,-0.731707,-0.243902
-0.995605,-0.037109,-0.315674,0.975610,-0.792683,-0.304878
-0.995605,-0.036865,-0.315674,0.975610,-0.853659,-0.365854
-0.994629,-0.036865,-0.315186,1.036585,-0.853659,-0.426829
-0.993896,-0.037354,-0.315186,1.036585,-0.853659,-0.487805
-0.993652,-0.037598,-0.315674,1.036585,-0.853659,-0.548780
-0.993408,-0.038086,-0.314453,1.036585,-0.853659,-0.548780
-0.993652,-0.038574,-0.313721,1.036585,-0.853659,-0.487805
-0.994141,-0.038330,-0.313965,1.036585,-0.792683,-0.487805
-0.994141,-0.037842,-0.314941,1.036585,-0.731707,-0.426829
-0.994141,-0.038086,-0.315186,1.036585,-0.731707,-0.365854
-0.993896,-0.038330,-0.314697,1.036585,-0.731707,-0.365854
-0.994629,-0.037842,-0.314697,1.036585,-0.731707,-0.365854
-0.994873,-0.038330,-0.314697,1.036585,-0.731707,-0.426829
-0.995117,-0.038574,-0.314453,1.036585,-0.731707,-0.426829
-0.994629,-0.039062,-0.313965,1.036585,-0.731707,-0.487805
-0.994385,-0.039307,-0.313232,1.036585,-0.731707,-0.487805
-0.994385,-0.038818,-0.312744,0.975610,-0.731707,-0.426829
-0.994141,-0.038330,-0.312256,0.975610,-0.731707,-0.426829
-0.993652,-0.038330,-0.312988,0.914634,-0.731707,-0.365854
-0.992920,-0.038574,-0.313232,0.914634,-0.670732,-0.304878
-0.993164,-0.038086,-0.313721,0.914634,-0.609756,-0.304878
-0.993652,-0.037598,-0.314209,0.914634,-0.548780,-0.304878
-0.993652,-0.037842,-0.313721,0.914634,-0.609756,-0.304878
-0.994385,-0.038086,-0.313965,0.914634,-0.609756,-0.304878
-0.994629,-0.038574,-0.313965,0.914634,-0.670732,-0.365854
-0.994385,-0.039307,-0.313965,0.914634,-0.670732,-0.365854
-0.995117,-0.038574,-0.314697,0.975610,-0.731707,-0.365854
-0.995361,-0.038574,-0.314941,0.975610,-0.731707,-0.426829
-0.995117,-0.038330,-0.314941,0.975610,-0.792683,-0.426829
-0.994873,-0.038330,-0.315186,0.975610,-0.914634,-0.487805
-0.994873,-0.038086,-0.314453,0.975610,-0.975610,-0.487805
-0.994873,-0.038086,-0.314209,0.975610,-0.975610,-0.487805
-0.995117,-0.038086,-0.314697,0.975610,-0.914634,-0.487805
-0.995361,-0.038086,-0.314697,0.975610,-0.914634,-0.487805
-0.994629,-0.038574,-0.314453,0.975610,-0.914634,-0.487805
-0.994385,-0.038818,-0.313477,0.975610,-0.975610,-0.487805
-0.994873,-0.038086,-0.312988,0.975610,-1.036585,-0.487805
-0.995361,-0.038086,-0.313232,0.975610,-0.975610,-0.487805
-0.995850,-0.037354,-0.314453,0.975610,-0.975610,-0.487805
-0.995850,-0.037109,-0.315918,1.036585,-1.097561,-0.609756
-0.995850,-0.037109,-0.314941,1.036585,-1.219512,-0.731707
-0.995361,-0.038086,-0.312988,1.097561,-1.402439,-0.792683
-0.994629,-0.039062,-0.310791,1.097561,-1.524390,-0.914634
-0.994629,-0.039062,-0.310547,1.097561,-1.524390,-0.914634
-0.994629,-0.040039,-0.312012,1.097561,-1.341463,-0.853659
-0.994873,-0.040039,-0.313477,1.036585,-1.280488,-0.792683
-0.994873,-0.040283,-0.312500,1.036585,-1.341463,-0.731707
-0.993896,-0.040771,-0.310303,1.036585,-1.463415,-0.670732
-0.993408,-0.040527,-0.309082,0.975610,-1.524390,-0.548780
-0.993164,-0.040283,-0.309326,0.975610,-1.402439,-0.487805
-0.993652,-0.040283,-0.310547,0.914634,-1.280488,-0.426829
-0.993896,-0.039551,-0.310791,0.914634,-1.158537,-0.365854
-0.994141,-0.039551,-0.311035,0.914634,-1.097561,-0.365854
-0.994629,-0.039795,-0.310303,0.914634,-0.975610,-0.304878
-0.994873,-0.040039,-0.310059,0.975610,-0.914634,-0.365854
-0.994629,-0.040771,-0.310303,0.975610,-0.792683,-0.365854
-0.994629,-0.041016,-0.310303,0.975610,-0.731707,-0.365854
-0.994629,-0.041016,-0.310059,0.975610,-0.731707,-0.426829
-0.994629,-0.041260,-0.309326,0.975610,-0.731707,-0.426829
-0.994629,-0.041504,-0.308838,0.975610,-0.731707,-0.487805
-0.994629,-0.041748,-0.308350,0.914634,-0.731707,-0.487805
-0.994385,-0.041504,-0.308838,0.914634,-0.731707,-0.426829
-0.994385,-0.041016,-0.309082,0.914634,-0.731707,-0.365854
-0.994385,-0.040771,-0.309570,0.914634,-0.731707,-0.365854
-0.994629,-0.040039,-0.309570,0.914634,-0.731707,-0.304878
-0.994873,-0.040039,-0.310059,0.914634,-0.731707,-0.304878
-0.994629,-0.040283,-0.309814,0.914634,-0.731707,-0.365854
-0.994629,-0.041016,-0.310791,0.975610,-0.731707,-0.365854
-0.994629,-0.041748,-0.310791,0.975610,-0.792683,-0.426829
-0.994873,-0.041992,-0.310303,0.975610,-0.792683,-0.426829
-0.995361,-0.041748,-0.309814,0.975610,-0.792683,-0.426829
-0.995605,-0.041992,-0.309570,0.975610,-0.792683,-0.426829
-0.995850,-0.041504,-0.309814,0.975610,-0.731707,-0.426829
-0.996094,-0.041504,-0.310059,0.975610,-0.731707,-0.365854
-0.995850,-0.041504,-0.309570,0.975610,-0.731707,-0.365854
-0.995850,-0.041504,-0.310303,0.914634,-0.731707,-0.304878
-0.995850,-0.041260,-0.310303,0.914634,-0.670732,-0.304878
-0.995850,-0.041260,-0.310547,0.914634,-0.670732,-0.304878
-0.995605,-0.041260,-0.310303,0.914634,-0.670732,-0.304878
-0.995605,-0.041260,-0.310547,0.914634,-0.670732,-0.304878
-0.995361,-0.041260,-0.310547,0.914634,-0.670732,-0.304878
-0.995850,-0.041504,-0.310059,0.914634,-0.670732,-0.304878
-0.996094,-0.041748,-0.309570,0.914634,-0.670732,-0.304878
-0.995605,-0.041992,-0.309082,0.914634,-0.731707,-0.304878
-0.995361,-0.042480,-0.308838,0.914634,-0.731707,-0.304878
-0.995117,-0.042969,-0.308838,0.914634,-0.670732,-0.304878
-0.995605,-0.042236,-0.309326,0.914634,-0.670732,-0.304878
-0.995117,-0.041992,-0.308350,0.914634,-0.609756,-0.243902
-0.994629,-0.042236,-0.307861,0.914634,-0.609756,-0.243902
-0.994629,-0.042480,-0.307861,0.914634,-0.609756,-0.304878
-0.995117,-0.042480,-0.307617,0.914634,-0.609756,-0.243902
-0.995850,-0.041748,-0.307617,0.914634,-0.548780,-0.243902
-0.995605,-0.041504,-0.308350,0.914634,-0.426829,-0.243902
-0.995605,-0.041260,-0.308594,0.914634,-0.426829,-0.243902
-0.995361,-0.041992,-0.307373,0.975610,-0.426829,-0.243902
-0.995605,-0.042236,-0.306396,0.975610,-0.426829,-0.243902
-0.995361,-0.042480,-0.306641,0.975610,-0.365854,-0.243902
-0.995605,-0.042480,-0.306641,0.975610,-0.304878,-0.243902
-0.995605,-0.042969,-0.307861,0.975610,-0.182927,-0.243902
-0.996094,-0.042236,-0.310547,0.975610,-0.121951,-0.243902
-0.995605,-0.041260,-0.311279,0.914634,-0.243902,-0.182927
-0.995605,-0.041504,-0.309570,0.914634,-0.365854,-0.182927
-0.995117,-0.041748,-0.309082,0.914634,-0.426829,-0.182927
-0.995605,-0.041748,-0.308105,0.853659,-0.426829,-0.182927
-0.996338,-0.041748,-0.308594,0.853659,-0.426829,-0.121951
-0.996826,-0.041748,-0.309082,0.853659,-0.487805,-0.121951
-0.996826,-0.041748,-0.309326,0.853659,-0.487805,-0.121951
-0.996338,-0.041260,-0.308838,0.853659,-0.548780,-0.121951
-0.996094,-0.041016,-0.308838,0.853659,-0.609756,-0.182927
-0.995850,-0.041260,-0.308594,0.853659,-0.609756,-0.182927
-0.995117,-0.041992,-0.308350,0.914634,-0.609756,-0.243902
-0.995361,-0.041992,-0.308105,0.914634,-0.609756,-0.243902
-0.994873,-0.041992,-0.307861,0.914634,-0.548780,-0.304878
-0.995850,-0.042480,-0.307861,0.914634,-0.548780,-0.304878
-0.996094,-0.043213,-0.307617,0.914634,-0.487805,-0.243902
-0.995850,-0.043701,-0.307373,0.914634,-0.487805,-0.243902
-0.995361,-0.043701,-0.307861,0.914634,-0.426829,-0.182927
-0.995117,-0.043701,-0.308350,0.914634,-0.426829,-0.182927
-0.994873,-0.043701,-0.307861,0.914634,-0.426829,-0.121951
-0.995117,-0.043945,-0.308105,0.914634,-0.426829,-0.060976
-0.995117,-0.043213,-0.308105,0.914634,-0.365854,-0.060976
-0.995117,-0.042725,-0.307861,0.914634,-0.304878,0.000000
-0.994629,-0.042480,-0.307617,0.853659,-0.304878,0.000000
-0.994629,-0.041992,-0.308105,0.853659,-0.243902,0.000000
-0.994385,-0.042236,-0.307861,0.853659,-0.243902,0.000000
-0.994385,-0.041992,-0.307861,0.853659,-0.182927,0.060976
-0.994629,-0.041504,-0.307129,0.853659,-0.060976,0.121951
-0.994629,-0.041260,-0.307373,0.853659,0.000000,0.121951
-0.995117,-0.041016,-0.307617,0.853659,0.060976,0.182927
-0.995605,-0.041016,-0.307861,0.853659,0.121951,0.182927
-0.995361,-0.040527,-0.307617,0.853659,0.182927,0.243902
-0.995850,-0.040283,-0.307617,0.853659,0.182927,0.243902
-0.996094,-0.040771,-0.307861,0.853659,0.182927,0.243902
-0.995605,-0.040771,-0.308594,0.853659,0.182927,0.243902
-0.995361,-0.040283,-0.308838,0.853659,0.182927,0.243902
-0.995117,-0.040039,-0.309570,0.792683,0.182927,0.243902
-0.995361,-0.040039,-0.309082,0.792683,0.182927,0.243902
-0.995361,-0.040283,-0.309570,0.792683,0.182927,0.243902
-0.995361,-0.040283,-0.309326,0.853659,0.243902,0.243902
-0.995605,-0.040283,-0.310303,0.853659,0.243902,0.243902
-0.995117,-0.040527,-0.310059,0.853659,0.304878,0.243902
-0.994873,-0.040771,-0.309570,0.853659,0.304878,0.304878
-0.994873,-0.040527,-0.310059,0.792683,0.365854,0.304878
-0.995117,-0.040771,-0.310303,0.792683,0.365854,0.365854
-0.995117,-0.040527,-0.309814,0.792683,0.365854,0.365854
-0.995605,-0.040283,-0.308838,0.792683,0.365854,0.426829
-0.996094,-0.039551,-0.309570,0.792683,0.487805,0.426829
-0.995850,-0.037842,-0.310791,0.792683,0.609756,0.426829
-0.995605,-0.037598,-0.311279,0.853659,0.670732,0.365854
-0.995361,-0.038574,-0.311523,0.853659,0.609756,0.304878
-0.994873,-0.038818,-0.311523,0.853659,0.548780,0.243902
-0.994385,-0.039307,-0.310547,0.853659,0.609756,0.182927
-0.994629,-0.040039,-0.309326,0.853659,0.670732,0.182927
-0.995361,-0.040527,-0.310547,0.792683,0.853659,0.243902
-0.995850,-0.039551,-0.313721,0.792683,0.914634,0.365854
-0.995605,-0.038574,-0.314941,0.731707,0.792683,0.426829
-0.994873,-0.038574,-0.313965,0.670732,0.609756,0.487805
-0.994385,-0.038818,-0.312744,0.609756,0.487805,0.548780
-0.994385,-0.037354,-0.312988,0.609756,0.487805,0.670732
-0.994873,-0.036377,-0.313477,0.609756,0.609756,0.670732
-0.995605,-0.036377,-0.314453,0.609756,0.609756,0.670732
-0.995605,-0.035889,-0.315674,0.670732,0.548780,0.548780
-0.995850,-0.035889,-0.315430,0.731707,0.426829,0.426829
-0.995850,-0.036133,-0.315430,0.792683,0.304878,0.304878
-0.995361,-0.036621,-0.315186,0.853659,0.243902,0.243902
-0.995117,-0.036865,-0.315186,0.914634,0.243902,0.121951
-0.994629,-0.037109,-0.315186,0.914634,0.243902,0.060976
-0.994629,-0.037842,-0.314941,0.975610,0.182927,0.060976
-0.994873,-0.038330,-0.314941,0.975610,0.182927,0.060976
-0.994629,-0.037598,-0.315918,0.914634,0.121951,0.060976
-0.994141,-0.037354,-0.316162,0.914634,0.121951,0.060976
-0.993896,-0.037842,-0.315674,0.914634,0.121951,0.060976
-0.993652,-0.038086,-0.315674,0.914634,0.121951,0.060976
-0.993896,-0.037598,-0.315674,0.914634,0.060976,0.060976
-0.993408,-0.037842,-0.315430,0.914634,0.060976,0.121951
-0.993408,-0.037598,-0.315674,0.853659,0.060976,0.121951
-0.993652,-0.037109,-0.316406,0.853659,0.060976,0.121951
-0.993408,-0.036865,-0.315674,0.792683,0.000000,0.121951
-0.992920,-0.037354,-0.315918,0.792683,0.000000,0.182927
-0.992676,-0.037109,-0.315430,0.731707,0.060976,0.182927
-0.992676,-0.037109,-0.315430,0.670732,0.121951,0.304878
-0.992432,-0.036865,-0.315186,0.670732,0.243902,0.426829
-0.992432,-0.036377,-0.315674,0.609756,0.426829,0.487805
-0.992188,-0.035889,-0.316650,0.609756,0.548780,0.548780
-0.992188,-0.036133,-0.317139,0.609756,0.609756,0.548780
-0.992432,-0.035889,-0.317627,0.609756,0.670732,0.548780
-0.992676,-0.035645,-0.317871,0.609756,0.731707,0.548780
-0.992676,-0.035400,-0.317871,0.609756,0.731707,0.548780
-0.992432,-0.035889,-0.318115,0.670732,0.792683,0.548780
-0.992676,-0.035889,-0.317871,0.670732,0.853659,0.548780
-0.992432,-0.036377,-0.317627,0.670732,0.914634,0.609756
-0.992188,-0.036133,-0.317627,0.670732,0.914634,0.609756
-0.991699,-0.036133,-0.316650,0.670732,0.975610,0.609756
-0.992432,-0.035889,-0.317627,0.609756,1.097561,0.670732
-0.992676,-0.035156,-0.318359,0.609756,1.219512,0.670732
-0.992676,-0.034912,-0.319336,0.609756,1.280488,0.670732
-0.992676,-0.035156,-0.319824,0.609756,1.280488,0.609756
-0.991943,-0.034668,-0.319824,0.670732,1.280488,0.609756
-0.990479,-0.035156,-0.319336,0.670732,1.280488,0.609756
-0.990479,-0.034912,-0.318848,0.609756,1.341463,0.670732
-0.991943,-0.033447,-0.319336,0.548780,1.402439,0.792683
-0.992920,-0.032227,-0.320312,0.548780,1.585366,0.853659
-0.992920,-0.030518,-0.322266,0.548780,1.707317,0.853659
-0.992432,-0.031494,-0.323975,0.609756,1.646341,0.670732
-0.991455,-0.033203,-0.325195,0.670732,1.524390,0.548780
-0.990234,-0.033936,-0.323730,0.670732,1.341463,0.487805
-0.989990,-0.034668,-0.321045,0.609756,1.341463,0.548780
-0.989746,-0.035400,-0.320068,0.548780,1.463415,0.670732
-0.988770,-0.035889,-0.320068,0.365854,1.829268,0.975610
-0.990723,-0.034424,-0.324219,0.243902,2.134146,1.280488
-0.991699,-0.032959,-0.325684,0.121951,2.256098,1.524390
-0.992432,-0.031250,-0.325684,0.060976,2.134146,1.646341
-0.992920,-0.029785,-0.325928,0.060976,2.012195,1.646341
-0.992432,-0.027832,-0.326172,0.060976,2.012195,1.585366
-0.992188,-0.026611,-0.327637,0.121951,1.951220,1.463415
-0.992676,-0.026367,-0.328369,0.243902,1.768293,1.280488
-0.992920,-0.026367,-0.329346,0.304878,1.524390,1.097561
-0.992920,-0.025879,-0.328857,0.426829,1.341463,0.914634
-0.992188,-0.025879,-0.328857,0.548780,1.158537,0.792683
-0.991699,-0.026123,-0.329834,0.609756,0.975610,0.548780
-0.991455,-0.026855,-0.329346,0.731707,0.731707,0.365854
-0.990967,-0.027100,-0.329346,0.853659,0.609756,0.182927
-0.990723,-0.027832,-0.329102,0.914634,0.487805,0.060976
-0.990479,-0.027344,-0.329102,0.914634,0.365854,0.000000
-0.990723,-0.027344,-0.329590,0.975610,0.304878,0.000000
-0.991211,-0.027588,-0.330078,0.975610,0.182927,0.000000
-0.990723,-0.027832,-0.330322,0.975610,0.060976,-0.060976
-0.990723,-0.028076,-0.330078,0.975610,0.000000,-0.121951
-0.990967,-0.027832,-0.329834,1.036585,-0.121951,-0.182927
-0.990967,-0.027588,-0.330078,1.036585,-0.243902,-0.243902
-0.990967,-0.027832,-0.330078,1.036585,-0.365854,-0.243902
-0.990479,-0.028564,-0.328857,0.975610,-0.487805,-0.304878
-0.989990,-0.028809,-0.328125,0.975610,-0.548780,-0.365854
-0.989746,-0.029541,-0.327637,0.975610,-0.609756,-0.365854
-0.989502,-0.030273,-0.327881,0.975610,-0.609756,-0.365854
-0.989746,-0.030029,-0.327637,0.914634,-0.609756,-0.304878
-0.990234,-0.029541,-0.328125,0.914634,-0.609756,-0.304878
-0.989990,-0.029541,-0.328369,0.914634,-0.609756,-0.304878
-0.990723,-0.029541,-0.328369,0.914634,-0.609756,-0.304878
-0.991455,-0.028809,-0.328369,0.914634,-0.670732,-0.365854
-0.991455,-0.028809,-0.328857,0.914634,-0.670732,-0.365854
-0.991699,-0.028809,-0.328857,0.914634,-0.670732,-0.426829
-0.991455,-0.028564,-0.329102,0.975610,-0.731707,-0.426829
-0.991455,-0.028564,-0.329102,0.975610,-0.731707,-0.426829
-0.991455,-0.028809,-0.329346,0.975610,-0.731707,-0.426829
-0.991455,-0.028809,-0.328613,0.975610,-0.792683,-0.426829
-0.991699,-0.028320,-0.328857,1.036585,-0.792683,-0.487805
-0.991211,-0.029053,-0.328857,1.036585,-0.792683,-0.487805
-0.991211,-0.029053,-0.328857,1.036585,-0.792683,-0.487805
-0.991211,-0.029785,-0.328369,1.097561,-0.731707,-0.487805
-0.990723,-0.029785,-0.328369,1.097561,-0.731707,-0.487805
-0.990479,-0.030029,-0.328369,1.097561,-0.731707,-0.487805
-0.989990,-0.031006,-0.328125,1.097561,-0.731707,-0.487805
-0.990234,-0.031494,-0.326660,1.036585,-0.731707,-0.487805
-0.991211,-0.030762,-0.326660,1.036585,-0.670732,-0.426829
-0.991455,-0.030029,-0.327637,1.036585,-0.670732,-0.426829
-0.990967,-0.030273,-0.327881,1.036585,-0.609756,-0.487805
-0.990479,-0.031494,-0.328125,1.097561,-0.670732,-0.548780
-0.988525,-0.032471,-0.326660,1.097561,-0.853659,-0.609756
-0.988281,-0.033447,-0.324219,1.097561,-0.853659,-0.609756
-0.989014,-0.033447,-0.323730,1.036585,-0.792683,-0.548780
-0.989746,-0.033203,-0.325439,0.975610,-0.609756,-0.426829
-0.989746,-0.032715,-0.327148,0.914634,-0.487805,-0.304878
-0.989258,-0.031738,-0.328125,0.853659,-0.426829,-0.182927
-0.989746,-0.031250,-0.328369,0.792683,-0.487805,-0.121951
-0.990234,-0.030273,-0.327148,0.792683,-0.548780,-0.121951
-0.991455,-0.029297,-0.326904,0.792683,-0.548780,-0.121951
-0.992188,-0.028320,-0.326660,0.853659,-0.548780,-0.182927
-0.992188,-0.029053,-0.327148,0.853659,-0.609756,-0.243902
-0.991699,-0.030029,-0.327393,0.914634,-0.670732,-0.304878
-0.991455,-0.029785,-0.327881,0.975610,-0.731707,-0.365854
-0.990967,-0.029785,-0.327393,1.036585,-0.792683,-0.365854
-0.990723,-0.029785,-0.327148,1.036585,-0.914634,-0.426829
-0.990967,-0.030518,-0.326660,1.097561,-0.914634,-0.548780
-0.991211,-0.030762,-0.325928,1.097561,-0.914634,-0.609756
-0.990723,-0.031738,-0.324707,1.158537,-0.914634,-0.609756
-0.990479,-0.031982,-0.325195,1.158537,-0.853659,-0.609756
-0.990723,-0.032227,-0.325439,1.097561,-0.792683,-0.548780
-0.991211,-0.031494,-0.326172,1.036585,-0.731707,-0.487805
-0.991211,-0.031250,-0.326660,1.036585,-0.731707,-0.426829
-0.990967,-0.031250,-0.326904,1.036585,-0.731707,-0.426829
-0.991455,-0.031494,-0.326904,1.036585,-0.792683,-0.426829
-0.991455,-0.031738,-0.326660,1.036585,-0.853659,-0.426829
-0.990967,-0.031494,-0.326660,1.036585,-0.853659,-0.487805
-0.990967,-0.031494,-0.326172,1.036585,-0.914634,-0.487805
-0.990967,-0.031006,-0.325439,1.036585,-0.914634,-0.487805
-0.990479,-0.031250,-0.325439,0.975610,-0.914634,-0.487805
-0.990234,-0.031738,-0.324951,0.975610,-0.975610,-0.487805
-0.990479,-0.031738,-0.324463,0.975610,-0.975610,-0.487805
-0.990479,-0.032227,-0.324219,0.975610,-0.914634,-0.487805
-0.990479,-0.031738,-0.323730,0.975610,-0.853659,-0.426829
-0.990723,-0.032227,-0.324219,0.914634,-0.792683,-0.365854
-0.990723,-0.031738,-0.324707,0.914634,-0.792683,-0.365854
-0.991211,-0.031738,-0.325439,0.975610,-0.731707,-0.365854
-0.991455,-0.031738,-0.325684,0.975610,-0.731707,-0.365854
-0.992188,-0.031738,-0.324951,0.975610,-0.731707,-0.426829
-0.991455,-0.031982,-0.324951,1.036585,-0.731707,-0.426829
-0.991699,-0.031738,-0.325439,1.036585,-0.731707,-0.487805
-0.991943,-0.031494,-0.325684,1.036585,-0.792683,-0.487805
-0.992188,-0.031006,-0.325684,1.036585,-0.853659,-0.487805
-0.991699,-0.031006,-0.325439,1.036585,-0.853659,-0.487805
-0.990967,-0.031982,-0.324951,1.036585,-0.914634,-0.487805
-0.990723,-0.032471,-0.324463,1.036585,-0.975610,-0.487805
-0.990967,-0.032471,-0.324707,1.036585,-0.975610,-0.487805
-0.990723,-0.032715,-0.325195,1.036585,-0.975610,-0.487805
-0.991211,-0.031982,-0.325195,1.036585,-0.975610,-0.487805
-0.990234,-0.032471,-0.324463,1.036585,-0.975610,-0.487805
-0.990234,-0.032715,-0.323975,1.036585,-0.975610,-0.487805
-0.991211,-0.032471,-0.323730,1.036585,-0.975610,-0.487805
-0.991455,-0.031982,-0.323486,1.036585,-0.975610,-0.487805
-0.992676,-0.031250,-0.323975,1.097561,-0.914634,-0.548780
-0.992920,-0.031250,-0.324219,1.158537,-0.914634,-0.609756
-0.991943,-0.032227,-0.324463,1.158537,-1.036585,-0.731707
-0.991455,-0.033447,-0.323730,1.219512,-1.097561,-0.792683
-0.991455,-0.033691,-0.322510,1.219512,-1.097561,-0.853659
-0.991943,-0.034912,-0.322266,1.219512,-1.036585,-0.853659
-0.991943,-0.035400,-0.323975,1.219512,-0.975610,-0.853659
-0.992188,-0.035400,-0.325684,1.158537,-0.975610,-0.792683
-0.992432,-0.034424,-0.325928,1.158537,-1.158537,-0.731707
-0.991455,-0.033691,-0.324219,1.158537,-1.402439,-0.792683
-0.991211,-0.033447,-0.322266,1.097561,-1.524390,-0.792683
-0.990479,-0.033936,-0.321777,1.036585,-1.524390,-0.792683
-0.990234,-0.033691,-0.321533,1.036585,-1.463415,-0.731707
-0.990479,-0.033203,-0.321045,1.036585,-1.341463,-0.731707
-0.990723,-0.033203,-0.321045,1.036585,-1.280488,-0.670732
-0.991455,-0.033447,-0.321045,0.975610,-1.219512,-0.670732
-0.990967,-0.033936,-0.319580,0.975610,-1.097561,-0.609756
-0.990967,-0.034912,-0.318604,0.975610,-1.036585,-0.548780
-0.990967,-0.034912,-0.318604,0.914634,-0.914634,-0.487805
-0.991455,-0.035645,-0.318604,0.914634,-0.731707,-0.426829
-0.991455,-0.035645,-0.319580,0.914634,-0.609756,-0.365854
-0.991699,-0.035156,-0.320068,0.914634,-0.548780,-0.304878
-0.991699,-0.034180,-0.320557,0.914634,-0.426829,-0.243902
-0.992188,-0.034180,-0.321289,0.853659,-0.426829,-0.243902
-0.992432,-0.033691,-0.320801,0.853659,-0.426829,-0.182927
-0.992676,-0.033691,-0.320557,0.853659,-0.487805,-0.243902
-0.992676,-0.034424,-0.322510,0.914634,-0.487805,-0.243902
-0.992676,-0.033936,-0.322998,0.914634,-0.548780,-0.304878
-0.992920,-0.033691,-0.322998,0.975610,-0.609756,-0.365854
-0.993164,-0.034180,-0.323242,1.036585,-0.670732,-0.426829
-0.993164,-0.034180,-0.322754,1.036585,-0.731707,-0.487805
-0.992920,-0.034424,-0.322021,1.036585,-0.792683,-0.548780
-0.992676,-0.034912,-0.322266,1.097561,-0.853659,-0.609756
-0.992676,-0.035645,-0.321777,1.097561,-0.853659,-0.609756
-0.991943,-0.035889,-0.321289,1.097561,-0.853659,-0.609756
-0.991943,-0.035889,-0.320801,1.097561,-0.853659,-0.548780
-0.991943,-0.035400,-0.320312,1.097561,-0.792683,-0.548780
-0.992432,-0.035645,-0.320312,1.097561,-0.792683,-0.487805
-0.992432,-0.035889,-0.321045,1.036585,-0.731707,-0.487805
-0.992676,-0.035400,-0.322754,1.036585,-0.792683,-0.487805
-0.992188,-0.036377,-0.322510,1.036585,-0.853659,-0.548780
-0.991943,-0.035645,-0.320557,1.097561,-0.975610,-0.609756
-0.991943,-0.034180,-0.319824,1.036585,-0.975610,-0.548780
-0.992432,-0.033447,-0.320801,1.036585,-0.914634,-0.487805
-0.992188,-0.035400,-0.321045,1.036585,-0.914634,-0.548780
-0.990723,-0.037842,-0.318604,1.036585,-1.036585,-0.609756
-0.990723,-0.038330,-0.317383,1.036585,-1.036585,-0.548780
-0.991699,-0.037598,-0.317871,0.975610,-0.853659,-0.426829
-0.991943,-0.037109,-0.317871,0.914634,-0.731707,-0.365854
-0.992432,-0.036377,-0.317383,0.914634,-0.670732,-0.304878
-0.993652,-0.035156,-0.318604,0.914634,-0.609756,-0.243902
-0.993408,-0.035156,-0.320068,0.914634,-0.609756,-0.243902
-0.992676,-0.035645,-0.320801,0.914634,-0.609756,-0.243902
-0.992188,-0.035400,-0.321045,0.914634,-0.670732,-0.304878
-0.991699,-0.035156,-0.320801,0.914634,-0.731707,-0.304878
-0.991943,-0.034424,-0.320557,0.914634,-0.670732,-0.304878
-0.992676,-0.034180,-0.320068,0.914634,-0.670732,-0.304878
-0.992676,-0.034912,-0.318604,0.975610,-0.670732,-0.365854
-0.992432,-0.036133,-0.316895,1.036585,-0.670732,-0.365854
-0.992432,-0.036621,-0.316162,1.036585,-0.548780,-0.365854
-0.992920,-0.036377,-0.317383,1.036585,-0.426829,-0.304878
-0.993652,-0.035645,-0.319824,1.036585,-0.304878,-0.304878
-0.993652,-0.036377,-0.320801,0.975610,-0.243902,-0.304878
-0.993408,-0.036865,-0.320557,0.975610,-0.304878,-0.304878
-0.992432,-0.036865,-0.318848,0.975610,-0.426829,-0.304878
-0.992432,-0.037598,-0.318115,0.914634,-0.487805,-0.243902
-0.993164,-0.037598,-0.318359,0.914634,-0.426829,-0.182927
-0.993408,-0.036865,-0.318359,0.853659,-0.426829,-0.121951
-0.993408,-0.036865,-0.318848,0.853659,-0.365854,-0.060976
-0.993652,-0.036865,-0.319092,0.853659,-0.365854,-0.060976
-0.993408,-0.036865,-0.319336,0.853659,-0.426829,-0.121951
-0.992432,-0.036377,-0.319824,0.914634,-0.487805,-0.121951
-0.991943,-0.037109,-0.319092,0.914634,-0.487805,-0.121951
-0.991455,-0.037598,-0.317871,0.914634,-0.426829,-0.121951
-0.991455,-0.037109,-0.316895,0.914634,-0.426829,-0.060976
-0.992188,-0.037109,-0.316895,0.914634,-0.304878,0.000000
-0.992920,-0.037109,-0.317139,0.853659,-0.243902,0.000000
-0.992188,-0.037354,-0.317383,0.853659,-0.182927,0.000000
-0.992188,-0.036377,-0.318359,0.853659,-0.060976,0.060976
-0.992432,-0.035645,-0.319092,0.853659,0.000000,0.121951
-0.992920,-0.035156,-0.318848,0.853659,0.000000,0.121951
-0.992676,-0.035156,-0.318848,0.914634,0.000000,0.121951
-0.992920,-0.034668,-0.318848,0.914634,0.060976,0.121951
-0.992920,-0.034668,-0.319580,0.914634,0.060976,0.060976
-0.992676,-0.034912,-0.319092,0.975610,0.060976,0.060976
-0.992676,-0.033936,-0.319336,0.975610,0.000000,0.060976
-0.992676,-0.033447,-0.321045,0.914634,0.000000,0.060976
-0.993164,-0.033936,-0.322021,0.914634,0.000000,0.000000
-0.991699,-0.035400,-0.320312,0.914634,-0.121951,0.000000
-0.990967,-0.036865,-0.317627,0.975610,-0.182927,0.000000
-0.991943,-0.036133,-0.317383,0.975610,0.000000,0.000000
-0.992432,-0.035645,-0.319092,0.975610,0.060976,0.060976
-0.992432,-0.035889,-0.320068,0.914634,0.121951,0.121951
-0.992188,-0.036621,-0.320312,0.914634,0.182927,0.121951
-0.992432,-0.035889,-0.320557,0.853659,0.304878,0.182927
-0.992920,-0.035156,-0.321533,0.853659,0.365854,0.243902
-0.993164,-0.035889,-0.322266,0.853659,0.365854,0.182927
-0.992676,-0.035645,-0.322998,0.853659,0.365854,0.182927
-0.992432,-0.035400,-0.323486,0.853659,0.243902,0.182927
-0.992188,-0.035400,-0.323242,0.853659,0.121951,0.182927
-0.991455,-0.035645,-0.322021,0.853659,0.060976,0.121951
-0.990479,-0.036377,-0.321289,0.853659,0.000000,0.121951
-0.989746,-0.036621,-0.320068,0.853659,0.000000,0.182927
-0.990479,-0.037354,-0.319824,0.792683,0.060976,0.182927
-0.990723,-0.037354,-0.319336,0.792683,0.182927,0.304878
-0.991211,-0.036133,-0.320068,0.792683,0.304878,0.365854
-0.991699,-0.035645,-0.321045,0.731707,0.487805,0.426829
-0.991455,-0.035400,-0.321777,0.670732,0.548780,0.426829
-0.991455,-0.035400,-0.322266,0.670732,0.609756,0.487805
-0.991943,-0.034424,-0.323242,0.670732,0.670732,0.548780
-0.992676,-0.032959,-0.324219,0.670732,0.731707,0.548780
-0.993164,-0.032227,-0.324951,0.670732,0.792683,0.548780
-0.992920,-0.031982,-0.325195,0.731707,0.792683,0.426829
-0.991943,-0.031982,-0.324463,0.792683,0.670732,0.304878
-0.990967,-0.032471,-0.324707,0.853659,0.548780,0.182927
-0.990479,-0.033691,-0.322754,0.914634,0.548780,0.121951
-0.990479,-0.033936,-0.322021,0.914634,0.670732,0.121951
-0.990967,-0.033936,-0.323486,0.914634,0.792683,0.121951
-0.991455,-0.033936,-0.325928,0.853659,0.853659,0.182927
-0.990479,-0.033936,-0.327148,0.792683,0.792683,0.243902
-0.989502,-0.033691,-0.325928,0.792683,0.487805,0.304878
-0.989502,-0.033691,-0.323975,0.792683,0.365854,0.365854
-0.990723,-0.032715,-0.323242,0.792683,0.365854,0.365854
-0.991455,-0.030273,-0.324707,0.731707,0.365854,0.426829
-0.991943,-0.029297,-0.327148,0.731707,0.365854,0.426829
-0.991455,-0.030273,-0.327393,0.731707,0.365854,0.304878
-0.990967,-0.032227,-0.324951,0.792683,0.243902,0.243902
-0.989746,-0.033447,-0.323486,0.853659,0.182927,0.182927
-0.989746,-0.032715,-0.322510,0.853659,0.365854,0.243902
-0.989990,-0.032471,-0.323975,0.792683,0.548780,0.243902
-0.989990,-0.033203,-0.324463,0.731707,0.731707,0.304878
-0.989502,-0.032715,-0.324707,0.670732,0.853659,0.426829
-0.989258,-0.033203,-0.325439,0.609756,0.914634,0.426829
-0.989746,-0.032959,-0.326172,0.609756,1.036585,0.487805
-0.989746,-0.032715,-0.326416,0.609756,1.097561,0.609756
-0.989990,-0.031982,-0.328125,0.548780,1.158537,0.670732
-0.990234,-0.031982,-0.329590,0.548780,1.158537,0.670732
-0.990479,-0.032715,-0.330566,0.548780,1.036585,0.609756
-0.990234,-0.032959,-0.330322,0.609756,0.975610,0.609756
-0.990234,-0.032227,-0.331055,0.609756,0.975610,0.609756
-0.990479,-0.030762,-0.331055,0.609756,0.914634,0.548780
-0.990479,-0.030273,-0.331299,0.609756,0.792683,0.548780
-0.989990,-0.029785,-0.330078,0.609756,0.731707,0.548780
-0.989502,-0.030029,-0.329346,0.609756,0.731707,0.548780
-0.988525,-0.030029,-0.328369,0.548780,0.731707,0.548780
-0.987793,-0.029297,-0.327881,0.487805,0.853659,0.670732
-0.987793,-0.028809,-0.327637,0.426829,1.097561,0.731707
-0.988281,-0.029297,-0.327881,0.426829,1.341463,0.792683
-0.987549,-0.028564,-0.328125,0.365854,1.585366,0.792683
-0.987793,-0.028809,-0.328613,0.365854,1.768293,0.853659
-0.987793,-0.029297,-0.329102,0.365854,2.012195,0.853659
-0.988037,-0.029785,-0.330811,0.365854,2.195122,0.914634
-0.988037,-0.029297,-0.331787,0.304878,2.256098,0.975610
-0.988281,-0.028320,-0.333008,0.304878,2.378049,1.097561
-0.988770,-0.028320,-0.335205,0.304878,2.378049,1.158537
-0.989014,-0.028076,-0.335938,0.243902,2.439024,1.158537
-0.988281,-0.027832,-0.335449,0.243902,2.500000,1.219512
-0.987793,-0.027588,-0.335693,0.243902,2.500000,1.219512
-0.987793,-0.027344,-0.335938,0.243902,2.560976,1.280488
-0.988037,-0.026855,-0.335938,0.243902,2.560976,1.280488
-0.987305,-0.026123,-0.335938,0.243902,2.621951,1.280488
-0.987061,-0.026123,-0.335938,0.243902,2.743902,1.280488
-0.986328,-0.025391,-0.337402,0.243902,2.926829,1.341463
-0.987061,-0.024658,-0.339844,0.182927,3.048780,1.341463
-0.988037,-0.024414,-0.341797,0.182927,3.109756,1.341463
-0.988037,-0.023438,-0.342285,0.182927,3.048780,1.219512
-0.990234,-0.022217,-0.343994,0.243902,2.926829,1.097561
-0.990967,-0.020752,-0.345459,0.426829,2.682927,0.914634
-0.990234,-0.021729,-0.346436,0.609756,2.317073,0.609756
-0.988525,-0.023682,-0.346191,0.731707,1.829268,0.304878
-0.986816,-0.025391,-0.345215,0.792683,1.402439,0.121951
-0.986328,-0.025635,-0.342285,0.792683,1.097561,0.060976
-0.987305,-0.025879,-0.341309,0.731707,0.975610,0.121951
-0.988281,-0.025146,-0.342773,0.731707,0.975610,0.243902
-0.987549,-0.023438,-0.344727,0.670732,0.975610,0.365854
-0.987549,-0.022217,-0.346924,0.609756,0.853659,0.426829
-0.987549,-0.022217,-0.346191,0.609756,0.548780,0.365854
-0.987305,-0.021729,-0.344727,0.670732,0.243902,0.243902
-0.987793,-0.020996,-0.345459,0.731707,0.060976,0.121951
-0.987549,-0.020752,-0.345947,0.792683,-0.121951,0.000000
-0.986572,-0.020752,-0.346191,0.853659,-0.243902,-0.060976
-0.986328,-0.020996,-0.345215,0.914634,-0.426829,-0.182927
-0.986572,-0.020752,-0.344238,0.914634,-0.487805,-0.243902
-0.986816,-0.020508,-0.343750,0.975610,-0.487805,-0.304878
-0.987793,-0.020264,-0.344727,1.036585,-0.487805,-0.426829
-0.987793,-0.020264,-0.345459,1.097561,-0.548780,-0.487805
-0.987549,-0.020752,-0.345459,1.158537,-0.609756,-0.609756
-0.986572,-0.021973,-0.345215,1.219512,-0.670732,-0.731707
-0.985352,-0.023193,-0.344238,1.219512,-0.792683,-0.792683
-0.985352,-0.024170,-0.343994,1.219512,-0.792683,-0.853659
-0.984619,-0.024658,-0.343750,1.219512,-0.792683,-0.792683
-0.984131,-0.025146,-0.343994,1.219512,-0.792683,-0.792683
-0.984131,-0.025391,-0.343994,1.158537,-0.853659,-0.670732
-0.984619,-0.025391,-0.343506,1.097561,-0.853659,-0.609756
-0.984863,-0.024902,-0.343750,1.036585,-0.792683,-0.487805
-0.985107,-0.025146,-0.343506,0.975610,-0.792683,-0.426829
-0.985107,-0.025635,-0.343018,0.975610,-0.792683,-0.365854
-0.984375,-0.025879,-0.342773,0.914634,-0.792683,-0.304878
-0.984375,-0.025879,-0.342285,0.853659,-0.792683,-0.243902
-0.984863,-0.025879,-0.342529,0.792683,-0.792683,-0.182927
-0.985352,-0.024902,-0.342041,0.792683,-0.731707,-0.121951
-0.986572,-0.023682,-0.343018,0.792683,-0.670732,-0.121951
-0.987793,-0.022461,-0.342041,0.792683,-0.670732,-0.121951
-0.988037,-0.020996,-0.341553,0.792683,-0.731707,-0.182927
-0.987305,-0.020508,-0.343506,0.792683,-0.731707,-0.182927
-0.987305,-0.020996,-0.343994,0.853659,-0.731707,-0.304878
-0.986084,-0.023438,-0.342041,0.914634,-0.792683,-0.426829
-0.985352,-0.024902,-0.340820,0.975610,-0.731707,-0.487805
-0.986328,-0.024658,-0.341309,1.036585,-0.609756,-0.426829
-0.986816,-0.024170,-0.341797,1.036585,-0.487805,-0.365854
-0.987061,-0.024902,-0.342041,1.036585,-0.426829,-0.304878
-0.987305,-0.024658,-0.343018,1.097561,-0.365854,-0.304878
-0.987549,-0.024170,-0.344238,1.097561,-0.426829,-0.304878
-0.988037,-0.024170,-0.344971,1.097561,-0.487805,-0.365854
-0.987549,-0.024170,-0.344971,1.097561,-0.548780,-0.426829
-0.987061,-0.024902,-0.344482,1.158537,-0.609756,-0.426829
-0.986572,-0.024414,-0.344238,1.158537,-0.670732,-0.426829
-0.986328,-0.024170,-0.343994,1.097561,-0.609756,-0.426829
-0.986328,-0.024414,-0.343506,1.097561,-0.609756,-0.426829
-0.985840,-0.024902,-0.342529,1.097561,-0.548780,-0.426829
-0.986084,-0.025391,-0.342285,1.036585,-0.487805,-0.365854
-0.986572,-0.024658,-0.342773,1.036585,-0.426829,-0.304878
-0.986816,-0.025146,-0.343506,1.036585,-0.365854,-0.365854
-0.986572,-0.025635,-0.343018,1.036585,-0.426829,-0.426829
-0.986816,-0.025635,-0.342529,1.036585,-0.487805,-0.365854
-0.986328,-0.025635,-0.341797,0.975610,-0.548780,-0.304878
-0.985840,-0.027100,-0.341797,0.975610,-0.487805,-0.304878
-0.986084,-0.027832,-0.341797,0.914634,-0.426829,-0.243902
-0.987793,-0.027100,-0.342041,0.853659,-0.304878,-0.121951
-0.989014,-0.025635,-0.343018,0.792683,-0.243902,-0.060976
-0.989258,-0.023926,-0.343262,0.792683,-0.243902,0.000000
-0.988770,-0.022705,-0.343506,0.792683,-0.304878,-0.060976
-0.988770,-0.022217,-0.343750,0.853659,-0.426829,-0.121951
-0.988037,-0.022705,-0.344238,0.853659,-0.426829,-0.182927
-0.987061,-0.023438,-0.343994,0.914634,-0.487805,-0.304878
-0.985840,-0.024902,-0.343262,0.914634,-0.609756,-0.304878
-0.985352,-0.025635,-0.342285,0.975610,-0.609756,-0.304878
-0.985840,-0.025879,-0.340820,0.975610,-0.548780,-0.243902
-0.985596,-0.026123,-0.340088,0.914634,-0.487805,-0.182927
-0.986084,-0.026123,-0.339844,0.914634,-0.365854,-0.121951
-0.986328,-0.025879,-0.339600,0.914634,-0.243902,-0.060976
-0.986572,-0.026611,-0.341553,0.914634,-0.121951,0.000000
-0.987549,-0.025635,-0.341064,0.914634,-0.121951,0.000000
-0.987305,-0.024902,-0.341064,0.853659,-0.121951,0.060976
-0.987305,-0.024414,-0.343018,0.792683,0.000000,0.060976
-0.986816,-0.024170,-0.342773,0.792683,-0.121951,0.000000
-0.985107,-0.025635,-0.340820,0.853659,-0.243902,-0.060976
-0.985352,-0.024902,-0.340332,0.914634,-0.243902,-0.121951
-0.986572,-0.024170,-0.341309,0.975610,-0.243902,-0.121951
-0.987549,-0.023438,-0.342285,0.975610,-0.304878,-0.121951
-0.987061,-0.023193,-0.343018,0.975610,-0.365854,-0.182927
-0.986816,-0.022705,-0.344482,0.975610,-0.487805,-0.304878
-0.986572,-0.022705,-0.344482,1.036585,-0.609756,-0.426829
-0.985596,-0.022705,-0.344727,1.097561,-0.731707,-0.487805
-0.985352,-0.023438,-0.345459,1.158537,-0.792683,-0.609756
-0.985840,-0.023438,-0.345215,1.158537,-0.914634,-0.731707
-0.985840,-0.024902,-0.344727,1.219512,-1.036585,-0.853659
-0.985107,-0.025879,-0.342529,1.280488,-1.158537,-0.975610
-0.985596,-0.025391,-0.341064,1.280488,-1.158537,-0.914634
-0.985840,-0.024414,-0.340332,1.280488,-1.097561,-0.853659
-0.985596,-0.025879,-0.340088,1.219512,-1.036585,-0.792683
-0.985596,-0.026855,-0.340576,1.158537,-0.975610,-0.792683
-0.985352,-0.026855,-0.340820,1.097561,-0.975610,-0.670732
-0.986328,-0.026367,-0.340332,1.036585,-0.914634,-0.609756
-0.986572,-0.026367,-0.340088,1.036585,-0.853659,-0.609756
-0.986816,-0.026123,-0.340088,1.036585,-0.853659,-0.609756
-0.986816,-0.025879,-0.341064,1.036585,-0.853659,-0.609756
-0.986572,-0.026123,-0.341553,1.097561,-0.914634,-0.609756
-0.986084,-0.027588,-0.341309,1.097561,-1.097561,-0.670732
-0.984131,-0.028809,-0.340088,1.036585,-1.280488,-0.731707
-0.983154,-0.029541,-0.338379,1.036585,-1.341463,-0.670732
-0.983398,-0.029053,-0.337402,0.975610,-1.280488,-0.548780
-0.984375,-0.028564,-0.336426,0.914634,-1.219512,-0.426829
-0.984863,-0.028320,-0.336426,0.853659,-1.097561,-0.304878
-0.985596,-0.028320,-0.336670,0.792683,-0.914634,-0.182927
-0.985840,-0.028564,-0.337891,0.731707,-0.731707,0.000000
-0.986816,-0.028076,-0.338623,0.731707,-0.548780,0.060976
-0.987549,-0.026611,-0.339600,0.670732,-0.365854,0.121951
-0.988037,-0.024902,-0.340820,0.670732,-0.243902,0.182927
-0.988037,-0.024902,-0.342529,0.792683,-0.182927,0.121951
-0.988281,-0.024658,-0.341553,0.853659,-0.243902,0.000000
-0.987549,-0.023193,-0.341797,0.914634,-0.365854,-0.121951
-0.987305,-0.022949,-0.342773,0.975610,-0.304878,-0.243902
-0.987305,-0.024414,-0.341553,1.036585,-0.304878,-0.426829
-0.985107,-0.027832,-0.338867,1.097561,-0.426829,-0.609756
-0.984863,-0.029053,-0.339111,1.158537,-0.304878,-0.548780
-0.986084,-0.027832,-0.341553,1.158537,-0.182927,-0.365854
-0.985840,-0.027344,-0.341797,1.097561,-0.243902,-0.243902
-0.985840,-0.026367,-0.341309,1.036585,-0.426829,-0.243902
